Voltage [V]	Current [A]
-2.000000E-1	-1.308310E-1
-1.950000E-1	-1.310080E-1
-1.900000E-1	-1.308520E-1
-1.850000E-1	-1.310000E-1
-1.800000E-1	-1.310100E-1
-1.750000E-1	-1.310070E-1
-1.700000E-1	-1.309140E-1
-1.650000E-1	-1.309890E-1
-1.600000E-1	-1.308180E-1
-1.550000E-1	-1.308880E-1
-1.500000E-1	-1.309230E-1
-1.450000E-1	-1.308790E-1
-1.400000E-1	-1.307700E-1
-1.350000E-1	-1.309340E-1
-1.300000E-1	-1.309910E-1
-1.250000E-1	-1.308270E-1
-1.200000E-1	-1.310860E-1
-1.150000E-1	-1.310680E-1
-1.100000E-1	-1.309740E-1
-1.050000E-1	-1.309630E-1
-1.000000E-1	-1.309040E-1
-9.500001E-2	-1.308850E-1
-9.000000E-2	-1.310090E-1
-8.500001E-2	-1.309000E-1
-8.000001E-2	-1.310420E-1
-7.500000E-2	-1.311460E-1
-7.000001E-2	-1.308360E-1
-6.500001E-2	-1.309010E-1
-6.000000E-2	-1.308780E-1
-5.500001E-2	-1.308360E-1
-5.000001E-2	-1.310360E-1
-4.500000E-2	-1.308210E-1
-4.000001E-2	-1.309470E-1
-3.500001E-2	-1.308410E-1
-3.000000E-2	-1.309260E-1
-2.500001E-2	-1.307630E-1
-2.000001E-2	-1.307390E-1
-1.500000E-2	-1.308800E-1
-1.000001E-2	-1.312270E-1
-5.000010E-3	-1.308260E-1
-1.490116E-8	-1.311330E-1
4.999995E-3	-1.309940E-1
9.999990E-3	-1.309260E-1
1.499999E-2	-1.307500E-1
2.000000E-2	-1.308890E-1
2.499999E-2	-1.308540E-1
2.999999E-2	-1.308350E-1
3.500000E-2	-1.307590E-1
3.999999E-2	-1.307220E-1
4.499999E-2	-1.309190E-1
5.000000E-2	-1.309240E-1
5.499999E-2	-1.307320E-1
5.999999E-2	-1.309320E-1
6.499998E-2	-1.307690E-1
6.999998E-2	-1.308840E-1
7.500000E-2	-1.308350E-1
8.000000E-2	-1.308720E-1
8.499999E-2	-1.310650E-1
8.999999E-2	-1.312890E-1
9.499998E-2	-1.307600E-1
9.999998E-2	-1.307330E-1
1.050000E-1	-1.308480E-1
1.100000E-1	-1.307790E-1
1.150000E-1	-1.310860E-1
1.200000E-1	-1.309490E-1
1.250000E-1	-1.309360E-1
1.300000E-1	-1.308650E-1
1.350000E-1	-1.306610E-1
1.400000E-1	-1.309640E-1
1.450000E-1	-1.307300E-1
1.500000E-1	-1.305210E-1
1.550000E-1	-1.306340E-1
1.600000E-1	-1.306740E-1
1.650000E-1	-1.308750E-1
1.700000E-1	-1.305590E-1
1.750000E-1	-1.310110E-1
1.800000E-1	-1.306620E-1
1.850000E-1	-1.309000E-1
1.900000E-1	-1.307850E-1
1.950000E-1	-1.307450E-1
2.000000E-1	-1.306800E-1
2.050000E-1	-1.307930E-1
2.100000E-1	-1.305440E-1
2.150000E-1	-1.308490E-1
2.200000E-1	-1.303840E-1
2.250000E-1	-1.307800E-1
2.300000E-1	-1.306750E-1
2.350000E-1	-1.308940E-1
2.400000E-1	-1.304020E-1
2.450000E-1	-1.306280E-1
2.500000E-1	-1.308180E-1
2.550000E-1	-1.303330E-1
2.600000E-1	-1.302220E-1
2.650000E-1	-1.305190E-1
2.700000E-1	-1.305820E-1
2.750000E-1	-1.305510E-1
2.800000E-1	-1.304470E-1
2.850000E-1	-1.303990E-1
2.900000E-1	-1.301830E-1
2.950000E-1	-1.300750E-1
3.000000E-1	-1.301390E-1
3.050000E-1	-1.299560E-1
3.100000E-1	-1.303100E-1
3.150000E-1	-1.298140E-1
3.200000E-1	-1.297620E-1
3.250000E-1	-1.300520E-1
3.300000E-1	-1.296110E-1
3.350000E-1	-1.293730E-1
3.400000E-1	-1.291010E-1
3.450000E-1	-1.291830E-1
3.500000E-1	-1.291230E-1
3.550000E-1	-1.287060E-1
3.600000E-1	-1.285590E-1
3.650000E-1	-1.283460E-1
3.700000E-1	-1.279290E-1
3.750000E-1	-1.278320E-1
3.800000E-1	-1.274670E-1
3.850000E-1	-1.268250E-1
3.900000E-1	-1.265820E-1
3.950000E-1	-1.257160E-1
4.000000E-1	-1.251750E-1
4.050000E-1	-1.244090E-1
4.100000E-1	-1.234980E-1
4.150000E-1	-1.225960E-1
4.200000E-1	-1.217320E-1
4.250000E-1	-1.204200E-1
4.300000E-1	-1.191340E-1
4.350000E-1	-1.176550E-1
4.400000E-1	-1.159820E-1
4.450000E-1	-1.142620E-1
4.500000E-1	-1.121430E-1
4.550000E-1	-1.100500E-1
4.600000E-1	-1.079670E-1
4.650000E-1	-1.053410E-1
4.700000E-1	-1.029000E-1
4.750000E-1	-1.000670E-1
4.800000E-1	-9.665750E-2
4.850000E-1	-9.388570E-2
4.900000E-1	-9.064110E-2
4.950000E-1	-8.720290E-2
5.000000E-1	-8.393570E-2
5.050000E-1	-8.026140E-2
5.100000E-1	-7.659440E-2
5.150000E-1	-7.284550E-2
5.200000E-1	-6.896520E-2
5.250000E-1	-6.493320E-2
5.300000E-1	-6.087420E-2
5.350000E-1	-5.667940E-2
5.400000E-1	-5.237690E-2
5.450000E-1	-4.810100E-2
5.500000E-1	-4.374250E-2
5.550000E-1	-3.921410E-2
5.600000E-1	-3.461130E-2
5.650000E-1	-3.001330E-2
5.700000E-1	-2.538960E-2
5.750000E-1	-2.064850E-2
5.800000E-1	-1.586600E-2
5.850000E-1	-1.104550E-2
5.900000E-1	-6.235080E-3
5.950000E-1	-1.286070E-3
6.000000E-1	3.660360E-3
6.050000E-1	8.638090E-3
6.100000E-1	1.368490E-2
6.150000E-1	1.875680E-2
6.200000E-1	2.389080E-2
6.250000E-1	2.905650E-2
6.300000E-1	3.423350E-2
6.350000E-1	3.945520E-2
6.400000E-1	4.469320E-2
6.450000E-1	4.990430E-2
6.500000E-1	5.524360E-2
6.550000E-1	6.053330E-2
6.600000E-1	6.589970E-2
6.650000E-1	7.127960E-2
6.700000E-1	7.665320E-2
6.750000E-1	8.206760E-2
6.800000E-1	8.753360E-2
6.850000E-1	9.297660E-2
6.900000E-1	9.845410E-2
6.950000E-1	1.037220E-1
7.000000E-1	1.092510E-1
