Voltage [V]	Current [A]
-3.000000E-1	-5.717430E-9
-2.900000E-1	-5.212090E-9
-2.800000E-1	-4.837270E-9
-2.700000E-1	-4.538300E-9
-2.600000E-1	-4.251440E-9
-2.500000E-1	-3.850300E-9
-2.400000E-1	-3.652880E-9
-2.300000E-1	-3.423820E-9
-2.200000E-1	-3.227000E-9
-2.100000E-1	-3.044060E-9
-2.000000E-1	-2.802910E-9
-1.900000E-1	-2.604510E-9
-1.800000E-1	-2.407400E-9
-1.700000E-1	-2.197400E-9
-1.600000E-1	-1.967740E-9
-1.500000E-1	-1.777430E-9
-1.400000E-1	-1.655130E-9
-1.300000E-1	-1.532660E-9
-1.200000E-1	-1.371680E-9
-1.100000E-1	-1.186630E-9
-1.000000E-1	-1.034270E-9
-9.000002E-2	-8.740540E-10
-8.000001E-2	-7.077220E-10
-7.000002E-2	-5.994680E-10
-6.000002E-2	-4.648570E-10
-5.000001E-2	-2.639410E-10
-4.000002E-2	-1.264330E-10
-3.000003E-2	6.560090E-11
-2.000001E-2	2.651210E-10
-1.000002E-2	4.634740E-10
-2.980232E-8	7.128720E-10
9.999990E-3	8.946540E-10
1.999998E-2	1.182090E-9
2.999997E-2	1.393600E-9
3.999999E-2	1.727740E-9
4.999998E-2	2.125530E-9
5.999997E-2	2.548280E-9
6.999999E-2	2.860080E-9
7.999998E-2	3.316000E-9
8.999997E-2	3.853370E-9
9.999996E-2	4.339280E-9
1.100000E-1	4.934510E-9
1.200000E-1	5.583190E-9
1.300000E-1	6.300770E-9
1.400000E-1	7.082710E-9
1.500000E-1	7.917420E-9
1.600000E-1	8.879610E-9
1.700000E-1	9.888720E-9
1.800000E-1	1.094860E-8
1.900000E-1	1.214800E-8
2.000000E-1	1.341430E-8
2.100000E-1	1.482570E-8
2.200000E-1	1.635570E-8
2.300000E-1	1.812820E-8
2.399999E-1	1.999890E-8
2.500000E-1	2.202070E-8
2.600000E-1	2.418010E-8
2.700000E-1	2.663910E-8
2.800000E-1	2.935600E-8
2.900000E-1	3.506920E-8
3.000000E-1	3.892070E-8
3.100000E-1	4.292800E-8
3.200000E-1	4.711750E-8
3.300000E-1	5.000830E-8
3.400000E-1	5.328650E-8
3.500000E-1	5.707660E-8
3.600000E-1	6.096170E-8
3.699999E-1	6.522100E-8
3.800000E-1	6.966150E-8
3.900000E-1	7.438880E-8
4.000000E-1	7.939420E-8
4.100000E-1	8.480620E-8
4.200000E-1	9.031100E-8
4.299999E-1	9.627450E-8
4.400000E-1	1.390790E-7
4.500000E-1	1.513060E-7
4.600000E-1	1.663040E-7
4.700000E-1	1.825010E-7
4.800000E-1	2.002010E-7
4.899999E-1	2.194650E-7
4.999999E-1	2.404430E-7
5.100000E-1	2.630650E-7
5.200000E-1	2.874980E-7
5.300000E-1	3.142300E-7
5.400000E-1	3.430290E-7
5.500000E-1	3.745160E-7
5.599999E-1	4.081940E-7
5.700000E-1	4.448390E-7
5.800000E-1	4.838150E-7
5.900000E-1	5.262710E-7
6.000000E-1	5.722000E-7
6.100000E-1	6.213870E-7
6.199999E-1	6.745310E-7
6.300000E-1	7.319260E-7
6.400000E-1	7.934680E-7
6.500000E-1	8.603300E-7
6.600000E-1	9.322250E-7
6.700000E-1	1.009420E-6
6.799999E-1	1.093110E-6
6.899999E-1	1.183460E-6
7.000000E-1	1.281110E-6
7.100000E-1	1.386290E-6
7.200000E-1	1.500570E-6
7.300000E-1	1.623890E-6
7.399999E-1	1.757440E-6
7.499999E-1	1.901910E-6
7.599999E-1	2.058120E-6
7.699999E-1	2.226430E-6
7.799999E-1	2.408660E-6
7.900000E-1	2.605860E-6
8.000000E-1	2.818440E-6
8.100000E-1	3.047850E-6
8.200000E-1	3.294810E-6
8.300000E-1	3.560500E-6
8.400000E-1	3.845810E-6
8.500000E-1	4.152740E-6
8.600000E-1	4.482120E-6
8.699999E-1	4.835900E-6
8.799999E-1	5.214550E-6
8.899999E-1	5.620420E-6
8.999999E-1	6.053010E-6
9.099999E-1	6.516590E-6
9.200000E-1	7.011270E-6
9.300000E-1	7.541390E-6
9.400000E-1	8.104010E-6
9.500000E-1	8.702990E-6
9.600000E-1	9.341050E-6
9.700000E-1	1.002950E-5
9.800000E-1	1.075460E-5
9.899999E-1	1.152310E-5
9.999999E-1	1.232970E-5
