Voltage [V]	Current [A]
-3.000000E-1	-1.127620E-5
-2.900000E-1	-1.113810E-5
-2.800000E-1	-1.101130E-5
-2.700000E-1	-1.090280E-5
-2.600000E-1	-1.080860E-5
-2.500000E-1	-1.072860E-5
-2.400000E-1	-1.061880E-5
-2.300000E-1	-1.051110E-5
-2.200000E-1	-1.041660E-5
-2.100000E-1	-1.031280E-5
-2.000000E-1	-1.020410E-5
-1.900000E-1	-1.010370E-5
-1.800000E-1	-1.005090E-5
-1.700000E-1	-9.939160E-6
-1.600000E-1	-9.826700E-6
-1.500000E-1	-9.766890E-6
-1.400000E-1	-9.672340E-6
-1.300000E-1	-9.584990E-6
-1.200000E-1	-9.483120E-6
-1.100000E-1	-9.359870E-6
-1.000000E-1	-9.279550E-6
-9.000002E-2	-9.159640E-6
-8.000001E-2	-9.062560E-6
-7.000002E-2	-8.947660E-6
-6.000002E-2	-8.845560E-6
-5.000001E-2	-8.771620E-6
-4.000002E-2	-8.686100E-6
-3.000003E-2	-8.595170E-6
-2.000001E-2	-8.492020E-6
-1.000002E-2	-8.397720E-6
-2.980232E-8	-8.290240E-6
9.999990E-3	-8.175690E-6
1.999998E-2	-8.087670E-6
2.999997E-2	-7.966250E-6
3.999999E-2	-7.863630E-6
4.999998E-2	-7.777260E-6
5.999997E-2	-7.686570E-6
6.999999E-2	-7.592070E-6
7.999998E-2	-7.485860E-6
8.999997E-2	-7.389040E-6
9.999996E-2	-7.277140E-6
1.100000E-1	-7.176110E-6
1.200000E-1	-7.075330E-6
1.300000E-1	-6.978610E-6
1.400000E-1	-6.882350E-6
1.500000E-1	-6.765860E-6
1.600000E-1	-6.660400E-6
1.700000E-1	-6.573300E-6
1.800000E-1	-6.468130E-6
1.900000E-1	-6.373720E-6
2.000000E-1	-6.275150E-6
2.100000E-1	-6.158040E-6
2.200000E-1	-6.056510E-6
2.300000E-1	-5.944240E-6
2.399999E-1	-5.840560E-6
2.500000E-1	-5.736810E-6
2.600000E-1	-5.628430E-6
2.700000E-1	-5.512260E-6
2.800000E-1	-5.409640E-6
2.900000E-1	-5.304940E-6
3.000000E-1	-5.207100E-6
3.100000E-1	-5.091750E-6
3.200000E-1	-4.983550E-6
3.300000E-1	-4.882100E-6
3.400000E-1	-4.778480E-6
3.500000E-1	-4.652640E-6
3.600000E-1	-4.539490E-6
3.699999E-1	-4.416560E-6
3.800000E-1	-4.302870E-6
3.900000E-1	-4.188540E-6
4.000000E-1	-4.074710E-6
4.100000E-1	-3.963500E-6
4.200000E-1	-3.844430E-6
4.299999E-1	-3.722120E-6
4.400000E-1	-3.603930E-6
4.500000E-1	-3.476470E-6
4.600000E-1	-3.348250E-6
4.700000E-1	-3.222760E-6
4.800000E-1	-3.092810E-6
4.899999E-1	-2.964660E-6
4.999999E-1	-2.828980E-6
5.100000E-1	-2.696730E-6
5.200000E-1	-2.561020E-6
5.300000E-1	-2.419790E-6
5.400000E-1	-2.273010E-6
5.500000E-1	-2.127000E-6
5.599999E-1	-1.981360E-6
5.700000E-1	-1.832280E-6
5.800000E-1	-1.673110E-6
5.900000E-1	-1.512390E-6
6.000000E-1	-1.345140E-6
6.100000E-1	-1.178550E-6
6.199999E-1	-1.004280E-6
6.300000E-1	-8.273470E-7
6.400000E-1	-6.416280E-7
6.500000E-1	-4.494250E-7
6.600000E-1	-2.529270E-7
6.700000E-1	-5.241500E-8
6.799999E-1	1.562350E-7
6.899999E-1	3.709650E-7
7.000000E-1	5.934460E-7
7.100000E-1	8.227260E-7
7.200000E-1	1.059940E-6
7.300000E-1	1.304080E-6
7.399999E-1	1.555650E-6
7.499999E-1	1.813780E-6
7.599999E-1	2.080360E-6
7.699999E-1	2.353720E-6
7.799999E-1	2.635340E-6
7.900000E-1	2.924620E-6
8.000000E-1	3.223750E-6
8.100000E-1	3.529950E-6
8.200000E-1	3.848230E-6
8.300000E-1	4.175490E-6
8.400000E-1	4.518270E-6
8.500000E-1	4.870660E-6
8.600000E-1	5.233690E-6
8.699999E-1	5.617880E-6
8.799999E-1	6.012990E-6
8.899999E-1	6.421900E-6
8.999999E-1	6.850240E-6
9.099999E-1	7.302190E-6
9.200000E-1	7.772610E-6
9.300000E-1	8.270850E-6
9.400000E-1	8.784520E-6
9.500000E-1	9.331270E-6
9.600000E-1	9.902110E-6
9.700000E-1	1.052750E-5
9.800000E-1	1.115220E-5
9.899999E-1	1.181830E-5
9.999999E-1	1.250930E-5
