Voltage [V]	Current [A]
-3.000000E-1	-3.564580E-5
-2.900000E-1	-3.511010E-5
-2.800000E-1	-3.472140E-5
-2.700000E-1	-3.438680E-5
-2.600000E-1	-3.415770E-5
-2.500000E-1	-3.387240E-5
-2.400000E-1	-3.366990E-5
-2.300000E-1	-3.337480E-5
-2.200000E-1	-3.306860E-5
-2.100000E-1	-3.267250E-5
-2.000000E-1	-3.232190E-5
-1.900000E-1	-3.191950E-5
-1.800000E-1	-3.162140E-5
-1.700000E-1	-3.137900E-5
-1.600000E-1	-3.098930E-5
-1.500000E-1	-3.072850E-5
-1.400000E-1	-3.041430E-5
-1.300000E-1	-3.016050E-5
-1.200000E-1	-2.992770E-5
-1.100000E-1	-2.955410E-5
-1.000000E-1	-2.927940E-5
-9.000002E-2	-2.899520E-5
-8.000001E-2	-2.871790E-5
-7.000002E-2	-2.842470E-5
-6.000002E-2	-2.806010E-5
-5.000001E-2	-2.779010E-5
-4.000002E-2	-2.743960E-5
-3.000003E-2	-2.716110E-5
-2.000001E-2	-2.673700E-5
-1.000002E-2	-2.636970E-5
-2.980232E-8	-2.604070E-5
9.999990E-3	-2.572340E-5
1.999998E-2	-2.545220E-5
2.999997E-2	-2.507020E-5
3.999999E-2	-2.485550E-5
4.999998E-2	-2.446680E-5
5.999997E-2	-2.415900E-5
6.999999E-2	-2.378740E-5
7.999998E-2	-2.356930E-5
8.999997E-2	-2.318830E-5
9.999996E-2	-2.284060E-5
1.100000E-1	-2.257140E-5
1.200000E-1	-2.216880E-5
1.300000E-1	-2.190620E-5
1.400000E-1	-2.164100E-5
1.500000E-1	-2.131360E-5
1.600000E-1	-2.104980E-5
1.700000E-1	-2.069860E-5
1.800000E-1	-2.039850E-5
1.900000E-1	-2.000890E-5
2.000000E-1	-1.965820E-5
2.100000E-1	-1.932200E-5
2.200000E-1	-1.898870E-5
2.300000E-1	-1.868420E-5
2.399999E-1	-1.837040E-5
2.500000E-1	-1.806870E-5
2.600000E-1	-1.769780E-5
2.700000E-1	-1.738660E-5
2.800000E-1	-1.705380E-5
2.900000E-1	-1.668210E-5
3.000000E-1	-1.629960E-5
3.100000E-1	-1.595410E-5
3.200000E-1	-1.560860E-5
3.300000E-1	-1.529060E-5
3.400000E-1	-1.494140E-5
3.500000E-1	-1.458970E-5
3.600000E-1	-1.424370E-5
3.699999E-1	-1.390800E-5
3.800000E-1	-1.356960E-5
3.900000E-1	-1.323160E-5
4.000000E-1	-1.290650E-5
4.100000E-1	-1.254620E-5
4.200000E-1	-1.220190E-5
4.299999E-1	-1.177720E-5
4.400000E-1	-1.138310E-5
4.500000E-1	-1.102600E-5
4.600000E-1	-1.065250E-5
4.700000E-1	-1.030250E-5
4.800000E-1	-9.904750E-6
4.899999E-1	-9.533650E-6
4.999999E-1	-9.180480E-6
5.100000E-1	-8.791000E-6
5.200000E-1	-8.407320E-6
5.300000E-1	-7.993830E-6
5.400000E-1	-7.597330E-6
5.500000E-1	-7.186100E-6
5.599999E-1	-6.760190E-6
5.700000E-1	-6.353250E-6
5.800000E-1	-5.931790E-6
5.900000E-1	-5.511980E-6
6.000000E-1	-5.085040E-6
6.100000E-1	-4.632480E-6
6.199999E-1	-4.193800E-6
6.300000E-1	-3.723980E-6
6.400000E-1	-3.270350E-6
6.500000E-1	-2.794620E-6
6.600000E-1	-2.318590E-6
6.700000E-1	-1.830270E-6
6.799999E-1	-1.331000E-6
6.899999E-1	-8.248360E-7
7.000000E-1	-3.164040E-7
7.100000E-1	2.007860E-7
7.200000E-1	7.276840E-7
7.300000E-1	1.255800E-6
7.399999E-1	1.794420E-6
7.499999E-1	2.339430E-6
7.599999E-1	2.890040E-6
7.699999E-1	3.440720E-6
7.799999E-1	3.999730E-6
7.900000E-1	4.563800E-6
8.000000E-1	5.125410E-6
8.100000E-1	5.700640E-6
8.200000E-1	6.287200E-6
8.300000E-1	6.875230E-6
8.400000E-1	7.471700E-6
8.500000E-1	8.075030E-6
8.600000E-1	8.692760E-6
8.699999E-1	9.307460E-6
8.799999E-1	9.954680E-6
8.899999E-1	1.061410E-5
8.999999E-1	1.128590E-5
9.099999E-1	1.197440E-5
9.200000E-1	1.267190E-5
9.300000E-1	1.338840E-5
9.400000E-1	1.414250E-5
9.500000E-1	1.494630E-5
9.600000E-1	1.574900E-5
9.700000E-1	1.660010E-5
9.800000E-1	1.746660E-5
9.899999E-1	1.834670E-5
9.999999E-1	1.930150E-5
