Voltage [V]	Current [A]
-3.000000E-1	-5.648420E-9
-2.900000E-1	-4.956460E-9
-2.800000E-1	-4.488100E-9
-2.700000E-1	-4.225210E-9
-2.600000E-1	-4.012330E-9
-2.500000E-1	-3.766200E-9
-2.400000E-1	-3.511580E-9
-2.300000E-1	-3.264010E-9
-2.200000E-1	-2.980070E-9
-2.100000E-1	-2.760640E-9
-2.000000E-1	-2.561120E-9
-1.900000E-1	-2.363230E-9
-1.800000E-1	-2.223170E-9
-1.700000E-1	-2.026940E-9
-1.600000E-1	-1.874160E-9
-1.500000E-1	-1.829560E-9
-1.400000E-1	-1.739360E-9
-1.300000E-1	-1.597110E-9
-1.200000E-1	-1.465820E-9
-1.100000E-1	-1.292050E-9
-1.000000E-1	-1.170280E-9
-9.000002E-2	-1.104590E-9
-8.000001E-2	-1.033780E-9
-7.000002E-2	-9.923220E-10
-6.000002E-2	-8.589630E-10
-5.000001E-2	-7.479790E-10
-4.000002E-2	-6.768820E-10
-3.000003E-2	-5.298500E-10
-2.000001E-2	-4.604940E-10
-1.000002E-2	-3.735070E-10
-2.980232E-8	-3.388400E-10
9.999990E-3	-3.179550E-10
1.999998E-2	-2.235890E-10
2.999997E-2	-1.582740E-10
3.999999E-2	-2.782340E-11
4.999998E-2	1.039150E-10
5.999997E-2	2.708080E-10
6.999999E-2	3.490570E-10
7.999998E-2	4.600880E-10
8.999997E-2	5.477910E-10
9.999996E-2	7.231830E-10
1.100000E-1	9.221910E-10
1.200000E-1	1.181950E-9
1.300000E-1	1.366290E-9
1.400000E-1	1.548840E-9
1.500000E-1	1.735850E-9
1.600000E-1	2.054510E-9
1.700000E-1	2.347920E-9
1.800000E-1	2.681410E-9
1.900000E-1	3.066740E-9
2.000000E-1	3.481410E-9
2.100000E-1	3.933840E-9
2.200000E-1	4.375580E-9
2.300000E-1	4.850790E-9
2.399999E-1	5.367100E-9
2.500000E-1	5.990490E-9
2.600000E-1	6.695100E-9
2.700000E-1	7.430340E-9
2.800000E-1	8.331880E-9
2.900000E-1	9.190110E-9
3.000000E-1	1.016520E-8
3.100000E-1	1.122970E-8
3.200000E-1	1.238040E-8
3.300000E-1	1.371070E-8
3.400000E-1	1.510990E-8
3.500000E-1	1.669350E-8
3.600000E-1	1.843540E-8
3.699999E-1	2.035370E-8
3.800000E-1	2.250120E-8
3.900000E-1	2.482580E-8
4.000000E-1	2.732280E-8
4.100000E-1	3.014040E-8
4.200000E-1	3.608210E-8
4.299999E-1	4.007190E-8
4.400000E-1	4.441330E-8
4.500000E-1	4.857800E-8
4.600000E-1	5.177400E-8
4.700000E-1	5.537630E-8
4.800000E-1	5.952420E-8
4.899999E-1	6.370560E-8
4.999999E-1	6.839330E-8
5.100000E-1	7.330480E-8
5.200000E-1	7.867500E-8
5.300000E-1	8.425800E-8
5.400000E-1	9.026110E-8
5.500000E-1	9.671380E-8
5.599999E-1	1.444310E-7
5.700000E-1	1.546120E-7
5.800000E-1	1.714650E-7
5.900000E-1	1.904640E-7
6.000000E-1	2.114040E-7
6.100000E-1	2.349950E-7
6.199999E-1	2.612050E-7
6.300000E-1	2.904980E-7
6.400000E-1	3.228740E-7
6.500000E-1	3.590510E-7
6.600000E-1	3.990120E-7
6.700000E-1	4.441220E-7
6.799999E-1	4.946010E-7
6.899999E-1	5.509490E-7
7.000000E-1	6.137080E-7
7.100000E-1	6.842200E-7
7.200000E-1	7.628020E-7
7.300000E-1	8.508760E-7
7.399999E-1	9.492190E-7
7.499999E-1	1.058870E-6
7.599999E-1	1.181030E-6
7.699999E-1	1.316420E-6
7.799999E-1	1.467160E-6
7.900000E-1	1.634130E-6
8.000000E-1	1.818470E-6
8.100000E-1	2.021590E-6
8.200000E-1	2.244490E-6
8.300000E-1	2.489220E-6
8.400000E-1	2.755650E-6
8.500000E-1	3.046800E-6
8.600000E-1	3.363450E-6
8.699999E-1	3.707270E-6
8.799999E-1	4.079670E-6
8.899999E-1	4.481600E-6
8.999999E-1	4.913990E-6
9.099999E-1	5.380460E-6
9.200000E-1	5.881270E-6
9.300000E-1	6.421060E-6
9.400000E-1	6.996330E-6
9.500000E-1	7.610930E-6
9.600000E-1	8.266480E-6
9.700000E-1	8.964170E-6
9.800000E-1	9.707740E-6
9.899999E-1	1.050930E-5
9.999999E-1	1.134590E-5
