Voltage [V]	Current [A]
-3.000000E-1	-2.285850E-5
-2.900000E-1	-2.263690E-5
-2.800000E-1	-2.244110E-5
-2.700000E-1	-2.222430E-5
-2.600000E-1	-2.203770E-5
-2.500000E-1	-2.185520E-5
-2.400000E-1	-2.159700E-5
-2.300000E-1	-2.141140E-5
-2.200000E-1	-2.122460E-5
-2.100000E-1	-2.103250E-5
-2.000000E-1	-2.084580E-5
-1.900000E-1	-2.063060E-5
-1.800000E-1	-2.046700E-5
-1.700000E-1	-2.025200E-5
-1.600000E-1	-2.005300E-5
-1.500000E-1	-1.987870E-5
-1.400000E-1	-1.966870E-5
-1.300000E-1	-1.946660E-5
-1.200000E-1	-1.923850E-5
-1.100000E-1	-1.908290E-5
-1.000000E-1	-1.885330E-5
-9.000002E-2	-1.866800E-5
-8.000001E-2	-1.848420E-5
-7.000002E-2	-1.823760E-5
-6.000002E-2	-1.804290E-5
-5.000001E-2	-1.781880E-5
-4.000002E-2	-1.759590E-5
-3.000003E-2	-1.738180E-5
-2.000001E-2	-1.719710E-5
-1.000002E-2	-1.702310E-5
-2.980232E-8	-1.685780E-5
9.999990E-3	-1.662960E-5
1.999998E-2	-1.640550E-5
2.999997E-2	-1.615600E-5
3.999999E-2	-1.599250E-5
4.999998E-2	-1.576600E-5
5.999997E-2	-1.555810E-5
6.999999E-2	-1.538220E-5
7.999998E-2	-1.514170E-5
8.999997E-2	-1.496410E-5
9.999996E-2	-1.472750E-5
1.100000E-1	-1.453490E-5
1.200000E-1	-1.430350E-5
1.300000E-1	-1.409670E-5
1.400000E-1	-1.390280E-5
1.500000E-1	-1.367710E-5
1.600000E-1	-1.347630E-5
1.700000E-1	-1.323800E-5
1.800000E-1	-1.301610E-5
1.900000E-1	-1.279400E-5
2.000000E-1	-1.253140E-5
2.100000E-1	-1.235500E-5
2.200000E-1	-1.217480E-5
2.300000E-1	-1.197810E-5
2.399999E-1	-1.172960E-5
2.500000E-1	-1.152750E-5
2.600000E-1	-1.129020E-5
2.700000E-1	-1.106560E-5
2.800000E-1	-1.083310E-5
2.900000E-1	-1.059270E-5
3.000000E-1	-1.037950E-5
3.100000E-1	-1.015910E-5
3.200000E-1	-9.945550E-6
3.300000E-1	-9.740640E-6
3.400000E-1	-9.472820E-6
3.500000E-1	-9.278110E-6
3.600000E-1	-9.068160E-6
3.699999E-1	-8.835200E-6
3.800000E-1	-8.624260E-6
3.900000E-1	-8.369370E-6
4.000000E-1	-8.143950E-6
4.100000E-1	-7.915290E-6
4.200000E-1	-7.675800E-6
4.299999E-1	-7.446620E-6
4.400000E-1	-7.211710E-6
4.500000E-1	-6.971360E-6
4.600000E-1	-6.711840E-6
4.700000E-1	-6.475240E-6
4.800000E-1	-6.219950E-6
4.899999E-1	-5.969320E-6
4.999999E-1	-5.722560E-6
5.100000E-1	-5.457800E-6
5.200000E-1	-5.207950E-6
5.300000E-1	-4.949390E-6
5.400000E-1	-4.693070E-6
5.500000E-1	-4.413490E-6
5.599999E-1	-4.135120E-6
5.700000E-1	-3.866220E-6
5.800000E-1	-3.574160E-6
5.900000E-1	-3.287620E-6
6.000000E-1	-2.993870E-6
6.100000E-1	-2.697000E-6
6.199999E-1	-2.398870E-6
6.300000E-1	-2.093540E-6
6.400000E-1	-1.780380E-6
6.500000E-1	-1.462020E-6
6.600000E-1	-1.139300E-6
6.700000E-1	-8.125370E-7
6.799999E-1	-4.769440E-7
6.899999E-1	-1.384610E-7
7.000000E-1	2.071170E-7
7.100000E-1	5.581570E-7
7.200000E-1	9.139740E-7
7.300000E-1	1.272720E-6
7.399999E-1	1.638560E-6
7.499999E-1	2.011850E-6
7.599999E-1	2.389060E-6
7.699999E-1	2.769030E-6
7.799999E-1	3.159890E-6
7.900000E-1	3.550530E-6
8.000000E-1	3.955830E-6
8.100000E-1	4.364260E-6
8.200000E-1	4.783390E-6
8.300000E-1	5.211070E-6
8.400000E-1	5.649300E-6
8.500000E-1	6.105700E-6
8.600000E-1	6.561140E-6
8.699999E-1	7.047900E-6
8.799999E-1	7.540090E-6
8.899999E-1	8.043220E-6
8.999999E-1	8.561930E-6
9.099999E-1	9.098940E-6
9.200000E-1	9.674340E-6
9.300000E-1	1.026830E-5
9.400000E-1	1.088420E-5
9.500000E-1	1.152330E-5
9.600000E-1	1.218830E-5
9.700000E-1	1.286310E-5
9.800000E-1	1.358440E-5
9.899999E-1	1.431580E-5
9.999999E-1	1.507120E-5
