Voltage [V]	Current [A]
-3.000000E-1	-4.053970E-5
-2.900000E-1	-4.001900E-5
-2.800000E-1	-3.968760E-5
-2.700000E-1	-3.929630E-5
-2.600000E-1	-3.888470E-5
-2.500000E-1	-3.862250E-5
-2.400000E-1	-3.827140E-5
-2.300000E-1	-3.791290E-5
-2.200000E-1	-3.756540E-5
-2.100000E-1	-3.719530E-5
-2.000000E-1	-3.698930E-5
-1.900000E-1	-3.671430E-5
-1.800000E-1	-3.633400E-5
-1.700000E-1	-3.587620E-5
-1.600000E-1	-3.548430E-5
-1.500000E-1	-3.508200E-5
-1.400000E-1	-3.465240E-5
-1.300000E-1	-3.430720E-5
-1.200000E-1	-3.390640E-5
-1.100000E-1	-3.359960E-5
-1.000000E-1	-3.329060E-5
-9.000002E-2	-3.299780E-5
-8.000001E-2	-3.265810E-5
-7.000002E-2	-3.229150E-5
-6.000002E-2	-3.197410E-5
-5.000001E-2	-3.146100E-5
-4.000002E-2	-3.116630E-5
-3.000003E-2	-3.069010E-5
-2.000001E-2	-3.030340E-5
-1.000002E-2	-2.997510E-5
-2.980232E-8	-2.959950E-5
9.999990E-3	-2.924620E-5
1.999998E-2	-2.890790E-5
2.999997E-2	-2.858100E-5
3.999999E-2	-2.823410E-5
4.999998E-2	-2.784950E-5
5.999997E-2	-2.745160E-5
6.999999E-2	-2.705530E-5
7.999998E-2	-2.672330E-5
8.999997E-2	-2.636150E-5
9.999996E-2	-2.599280E-5
1.100000E-1	-2.560680E-5
1.200000E-1	-2.522380E-5
1.300000E-1	-2.489160E-5
1.400000E-1	-2.451630E-5
1.500000E-1	-2.410290E-5
1.600000E-1	-2.373490E-5
1.700000E-1	-2.331550E-5
1.800000E-1	-2.290740E-5
1.900000E-1	-2.252190E-5
2.000000E-1	-2.211480E-5
2.100000E-1	-2.175510E-5
2.200000E-1	-2.133580E-5
2.300000E-1	-2.092270E-5
2.399999E-1	-2.056320E-5
2.500000E-1	-2.016580E-5
2.600000E-1	-1.980600E-5
2.700000E-1	-1.943430E-5
2.800000E-1	-1.906110E-5
2.900000E-1	-1.865860E-5
3.000000E-1	-1.826220E-5
3.100000E-1	-1.786930E-5
3.200000E-1	-1.746520E-5
3.300000E-1	-1.704290E-5
3.400000E-1	-1.668280E-5
3.500000E-1	-1.621640E-5
3.600000E-1	-1.583460E-5
3.699999E-1	-1.546330E-5
3.800000E-1	-1.502800E-5
3.900000E-1	-1.465660E-5
4.000000E-1	-1.422980E-5
4.100000E-1	-1.383860E-5
4.200000E-1	-1.341090E-5
4.299999E-1	-1.301070E-5
4.400000E-1	-1.260810E-5
4.500000E-1	-1.218600E-5
4.600000E-1	-1.176550E-5
4.700000E-1	-1.133930E-5
4.800000E-1	-1.089510E-5
4.899999E-1	-1.046080E-5
4.999999E-1	-1.001390E-5
5.100000E-1	-9.579080E-6
5.200000E-1	-9.143570E-6
5.300000E-1	-8.697920E-6
5.400000E-1	-8.252840E-6
5.500000E-1	-7.802000E-6
5.599999E-1	-7.346360E-6
5.700000E-1	-6.878810E-6
5.800000E-1	-6.398570E-6
5.900000E-1	-5.918940E-6
6.000000E-1	-5.432120E-6
6.100000E-1	-4.936140E-6
6.199999E-1	-4.441890E-6
6.300000E-1	-3.946660E-6
6.400000E-1	-3.438450E-6
6.500000E-1	-2.933420E-6
6.600000E-1	-2.415220E-6
6.700000E-1	-1.893380E-6
6.799999E-1	-1.367890E-6
6.899999E-1	-8.382030E-7
7.000000E-1	-3.029780E-7
7.100000E-1	2.369230E-7
7.200000E-1	7.811150E-7
7.300000E-1	1.324260E-6
7.399999E-1	1.875130E-6
7.499999E-1	2.430270E-6
7.599999E-1	2.988080E-6
7.699999E-1	3.553500E-6
7.799999E-1	4.122270E-6
7.900000E-1	4.686390E-6
8.000000E-1	5.261690E-6
8.100000E-1	5.826430E-6
8.200000E-1	6.404720E-6
8.300000E-1	6.986690E-6
8.400000E-1	7.573400E-6
8.500000E-1	8.188060E-6
8.600000E-1	8.809320E-6
8.699999E-1	9.445290E-6
8.799999E-1	1.008870E-5
8.899999E-1	1.075210E-5
8.999999E-1	1.142430E-5
9.099999E-1	1.213570E-5
9.200000E-1	1.285260E-5
9.300000E-1	1.358730E-5
9.400000E-1	1.433700E-5
9.500000E-1	1.512620E-5
9.600000E-1	1.594680E-5
9.700000E-1	1.677640E-5
9.800000E-1	1.764030E-5
9.899999E-1	1.854870E-5
9.999999E-1	1.945870E-5
