Voltage [V]	Current [A]
-3.000000E-1	-6.725720E-6
-2.900000E-1	-6.667960E-6
-2.800000E-1	-6.600870E-6
-2.700000E-1	-6.543120E-6
-2.600000E-1	-6.496050E-6
-2.500000E-1	-6.427170E-6
-2.400000E-1	-6.380330E-6
-2.300000E-1	-6.315820E-6
-2.200000E-1	-6.266270E-6
-2.100000E-1	-6.216380E-6
-2.000000E-1	-6.143730E-6
-1.900000E-1	-6.083080E-6
-1.800000E-1	-6.022530E-6
-1.700000E-1	-5.966970E-6
-1.600000E-1	-5.908030E-6
-1.500000E-1	-5.853180E-6
-1.400000E-1	-5.806260E-6
-1.300000E-1	-5.738630E-6
-1.200000E-1	-5.680200E-6
-1.100000E-1	-5.625030E-6
-1.000000E-1	-5.570250E-6
-9.000002E-2	-5.515840E-6
-8.000001E-2	-5.453800E-6
-7.000002E-2	-5.403520E-6
-6.000002E-2	-5.339690E-6
-5.000001E-2	-5.273050E-6
-4.000002E-2	-5.224030E-6
-3.000003E-2	-5.159750E-6
-2.000001E-2	-5.108430E-6
-1.000002E-2	-5.049400E-6
-2.980232E-8	-4.985980E-6
9.999990E-3	-4.934260E-6
1.999998E-2	-4.874430E-6
2.999997E-2	-4.808410E-6
3.999999E-2	-4.759210E-6
4.999998E-2	-4.702130E-6
5.999997E-2	-4.647550E-6
6.999999E-2	-4.585160E-6
7.999998E-2	-4.521540E-6
8.999997E-2	-4.462610E-6
9.999996E-2	-4.404580E-6
1.100000E-1	-4.339160E-6
1.200000E-1	-4.275570E-6
1.300000E-1	-4.218360E-6
1.400000E-1	-4.151950E-6
1.500000E-1	-4.090090E-6
1.600000E-1	-4.024080E-6
1.700000E-1	-3.966100E-6
1.800000E-1	-3.900250E-6
1.900000E-1	-3.837670E-6
2.000000E-1	-3.779020E-6
2.100000E-1	-3.721160E-6
2.200000E-1	-3.662400E-6
2.300000E-1	-3.599860E-6
2.399999E-1	-3.536370E-6
2.500000E-1	-3.467560E-6
2.600000E-1	-3.402840E-6
2.700000E-1	-3.331920E-6
2.800000E-1	-3.267800E-6
2.900000E-1	-3.205300E-6
3.000000E-1	-3.141420E-6
3.100000E-1	-3.079670E-6
3.200000E-1	-3.016270E-6
3.300000E-1	-2.953040E-6
3.400000E-1	-2.889170E-6
3.500000E-1	-2.824810E-6
3.600000E-1	-2.755470E-6
3.699999E-1	-2.682830E-6
3.800000E-1	-2.607250E-6
3.900000E-1	-2.538710E-6
4.000000E-1	-2.473810E-6
4.100000E-1	-2.404720E-6
4.200000E-1	-2.341730E-6
4.299999E-1	-2.271060E-6
4.400000E-1	-2.197950E-6
4.500000E-1	-2.124410E-6
4.600000E-1	-2.051580E-6
4.700000E-1	-1.968710E-6
4.800000E-1	-1.893360E-6
4.899999E-1	-1.812420E-6
4.999999E-1	-1.734190E-6
5.100000E-1	-1.650850E-6
5.200000E-1	-1.575740E-6
5.300000E-1	-1.488960E-6
5.400000E-1	-1.406970E-6
5.500000E-1	-1.316280E-6
5.599999E-1	-1.226460E-6
5.700000E-1	-1.133020E-6
5.800000E-1	-1.037560E-6
5.900000E-1	-9.371810E-7
6.000000E-1	-8.355560E-7
6.100000E-1	-7.298150E-7
6.199999E-1	-6.185230E-7
6.300000E-1	-5.036730E-7
6.400000E-1	-3.838130E-7
6.500000E-1	-2.619730E-7
6.600000E-1	-1.328700E-7
6.700000E-1	-1.938700E-9
6.799999E-1	1.446620E-7
6.899999E-1	2.818760E-7
7.000000E-1	4.330090E-7
7.100000E-1	5.899510E-7
7.200000E-1	7.539920E-7
7.300000E-1	9.252870E-7
7.399999E-1	1.103300E-6
7.499999E-1	1.289040E-6
7.599999E-1	1.483680E-6
7.699999E-1	1.685390E-6
7.799999E-1	1.895510E-6
7.900000E-1	2.115920E-6
8.000000E-1	2.345420E-6
8.100000E-1	2.586990E-6
8.200000E-1	2.840310E-6
8.300000E-1	3.103940E-6
8.400000E-1	3.379530E-6
8.500000E-1	3.670550E-6
8.600000E-1	3.973650E-6
8.699999E-1	4.295730E-6
8.799999E-1	4.633990E-6
8.899999E-1	4.987040E-6
8.999999E-1	5.356160E-6
9.099999E-1	5.750670E-6
9.200000E-1	6.163960E-6
9.300000E-1	6.603080E-6
9.400000E-1	7.060140E-6
9.500000E-1	7.540030E-6
9.600000E-1	8.051680E-6
9.700000E-1	8.583710E-6
9.800000E-1	9.149890E-6
9.899999E-1	9.745270E-6
9.999999E-1	1.037900E-5
