Voltage [V]	Current [A]
-2.000000E-1	2.200960E-9
-1.950000E-1	2.192380E-9
-1.900000E-1	2.239510E-9
-1.850000E-1	2.366810E-9
-1.800000E-1	2.496180E-9
-1.750000E-1	2.402380E-9
-1.700000E-1	2.344380E-9
-1.650000E-1	2.249430E-9
-1.600000E-1	2.293570E-9
-1.550000E-1	2.425030E-9
-1.500000E-1	2.395440E-9
-1.450000E-1	2.494280E-9
-1.400000E-1	2.571690E-9
-1.350000E-1	2.567570E-9
-1.300000E-1	2.497830E-9
-1.250000E-1	2.476200E-9
-1.200000E-1	2.390580E-9
-1.150000E-1	2.313240E-9
-1.100000E-1	2.271590E-9
-1.050000E-1	2.301110E-9
-1.000000E-1	2.365890E-9
-9.500001E-2	2.503590E-9
-9.000000E-2	2.593400E-9
-8.500001E-2	2.460440E-9
-8.000001E-2	2.383550E-9
-7.500000E-2	2.340110E-9
-7.000001E-2	2.344000E-9
-6.500001E-2	2.435150E-9
-6.000000E-2	2.533730E-9
-5.500001E-2	2.573240E-9
-5.000001E-2	2.597760E-9
-4.500000E-2	2.622760E-9
-4.000001E-2	2.544180E-9
-3.500001E-2	2.489110E-9
-3.000000E-2	2.492440E-9
-2.500001E-2	2.423200E-9
-2.000001E-2	2.435580E-9
-1.500000E-2	2.482040E-9
-1.000001E-2	2.629110E-9
-5.000010E-3	2.641390E-9
-1.490116E-8	2.618660E-9
4.999995E-3	2.494080E-9
9.999990E-3	2.458610E-9
1.499999E-2	2.493700E-9
2.000000E-2	2.547180E-9
2.499999E-2	2.672860E-9
2.999999E-2	2.702370E-9
3.500000E-2	2.547350E-9
3.999999E-2	2.502600E-9
4.499999E-2	2.509380E-9
5.000000E-2	2.508900E-9
5.499999E-2	2.545170E-9
5.999999E-2	2.596270E-9
6.499998E-2	2.641670E-9
6.999998E-2	2.718400E-9
7.500000E-2	2.758850E-9
8.000000E-2	2.789060E-9
8.499999E-2	2.725590E-9
8.999999E-2	2.624950E-9
9.499998E-2	2.598390E-9
9.999998E-2	2.656410E-9
1.050000E-1	2.729740E-9
1.100000E-1	2.799900E-9
1.150000E-1	2.756890E-9
1.200000E-1	2.680950E-9
1.250000E-1	2.641960E-9
1.300000E-1	2.646350E-9
1.350000E-1	2.652470E-9
1.400000E-1	2.674930E-9
1.450000E-1	2.685820E-9
1.500000E-1	2.765930E-9
1.550000E-1	2.826930E-9
1.600000E-1	2.892070E-9
1.650000E-1	2.911150E-9
1.700000E-1	2.877820E-9
1.750000E-1	2.839370E-9
1.800000E-1	2.770650E-9
1.850000E-1	2.785860E-9
1.900000E-1	2.894500E-9
1.950000E-1	3.006050E-9
2.000000E-1	2.925190E-9
2.050000E-1	2.833770E-9
2.100000E-1	2.848360E-9
2.150000E-1	2.783160E-9
2.200000E-1	2.765640E-9
2.250000E-1	2.811970E-9
2.300000E-1	2.810920E-9
2.350000E-1	2.809330E-9
2.400000E-1	2.826510E-9
2.450000E-1	2.874770E-9
2.500000E-1	3.009100E-9
2.550000E-1	3.102960E-9
2.600000E-1	3.095750E-9
2.650000E-1	3.036810E-9
2.700000E-1	2.891770E-9
2.750000E-1	2.885700E-9
2.800000E-1	2.986970E-9
2.850000E-1	3.082450E-9
2.900000E-1	3.143000E-9
2.950000E-1	3.149770E-9
3.000000E-1	3.110310E-9
3.050000E-1	3.049300E-9
3.100000E-1	3.009650E-9
3.150000E-1	3.023410E-9
3.200000E-1	3.001230E-9
3.250000E-1	2.986810E-9
3.300000E-1	2.982930E-9
3.350000E-1	2.986300E-9
3.400000E-1	3.020290E-9
3.450000E-1	3.104830E-9
3.500000E-1	3.234720E-9
3.550000E-1	3.230580E-9
3.600000E-1	3.146400E-9
3.650000E-1	2.991260E-9
3.700000E-1	3.054640E-9
3.750000E-1	3.039620E-9
3.800000E-1	3.109990E-9
3.850000E-1	3.135550E-9
3.900000E-1	3.270410E-9
3.950000E-1	3.312060E-9
4.000000E-1	3.353920E-9
4.050000E-1	3.372550E-9
4.100000E-1	3.349700E-9
4.150000E-1	3.366340E-9
4.200000E-1	3.302630E-9
4.250000E-1	3.284720E-9
4.300000E-1	3.180370E-9
4.350000E-1	3.126910E-9
4.400000E-1	3.226720E-9
4.450000E-1	3.463570E-9
4.500000E-1	3.372600E-9
4.550000E-1	3.240550E-9
4.600000E-1	3.201250E-9
4.650000E-1	3.258980E-9
4.700000E-1	3.492830E-9
4.750000E-1	3.509340E-9
4.800000E-1	3.563670E-9
4.850000E-1	3.551610E-9
4.900000E-1	3.518960E-9
4.950000E-1	3.499640E-9
5.000000E-1	3.546060E-9
5.050000E-1	3.446820E-9
5.100000E-1	3.322740E-9
5.150000E-1	3.340820E-9
5.200000E-1	3.398670E-9
5.250000E-1	3.526620E-9
5.300000E-1	3.623570E-9
5.350000E-1	3.609800E-9
5.400000E-1	3.482530E-9
5.450000E-1	3.346610E-9
5.500000E-1	3.367880E-9
5.550000E-1	3.539240E-9
5.600000E-1	3.682960E-9
5.650000E-1	3.606690E-9
5.700000E-1	3.586170E-9
5.750000E-1	3.551240E-9
5.800000E-1	3.375590E-9
5.850000E-1	3.539760E-9
5.900000E-1	3.550920E-9
5.950000E-1	3.546270E-9
6.000000E-1	3.501090E-9
6.050000E-1	3.624840E-9
6.100000E-1	3.710120E-9
6.150000E-1	3.661610E-9
6.200000E-1	3.763370E-9
6.250000E-1	3.681670E-9
6.300000E-1	3.558860E-9
6.350000E-1	3.484460E-9
6.400000E-1	3.550900E-9
6.450000E-1	3.691070E-9
6.500000E-1	3.797400E-9
6.550000E-1	3.777360E-9
6.600000E-1	3.825640E-9
6.650000E-1	3.788570E-9
6.700000E-1	3.553560E-9
6.750000E-1	3.562410E-9
6.800000E-1	3.664240E-9
6.850000E-1	3.699580E-9
6.900000E-1	3.805230E-9
6.950000E-1	3.979350E-9
7.000000E-1	3.721890E-9
7.050000E-1	3.633170E-9
7.100000E-1	3.614870E-9
7.150000E-1	3.664040E-9
7.200000E-1	3.841670E-9
7.250000E-1	3.960970E-9
7.300000E-1	3.978300E-9
7.350000E-1	3.958980E-9
7.400000E-1	3.824950E-9
7.450000E-1	3.796860E-9
7.500000E-1	3.895490E-9
7.550000E-1	3.974440E-9
7.600000E-1	4.116330E-9
7.650000E-1	4.165340E-9
7.700000E-1	4.122730E-9
7.750000E-1	4.182950E-9
7.800000E-1	4.007840E-9
7.850000E-1	4.016450E-9
7.900000E-1	3.883470E-9
7.950000E-1	3.841570E-9
8.000000E-1	3.893140E-9
