Voltage [V]	Current [A]
-2.000000E-1	-1.098660E-4
-1.950000E-1	-1.086440E-4
-1.900000E-1	-1.072590E-4
-1.850000E-1	-1.057270E-4
-1.800000E-1	-1.044550E-4
-1.750000E-1	-1.030640E-4
-1.700000E-1	-1.015260E-4
-1.650000E-1	-9.997830E-5
-1.600000E-1	-9.852870E-5
-1.550000E-1	-9.700740E-5
-1.500000E-1	-9.540190E-5
-1.450000E-1	-9.388070E-5
-1.400000E-1	-9.228510E-5
-1.350000E-1	-9.086210E-5
-1.300000E-1	-8.940040E-5
-1.250000E-1	-8.778620E-5
-1.200000E-1	-8.633120E-5
-1.150000E-1	-8.485200E-5
-1.100000E-1	-8.319410E-5
-1.050000E-1	-8.165830E-5
-1.000000E-1	-8.021540E-5
-9.500001E-2	-7.862470E-5
-9.000000E-2	-7.710680E-5
-8.500001E-2	-7.554110E-5
-8.000001E-2	-7.404220E-5
-7.500000E-2	-7.251960E-5
-7.000001E-2	-7.088650E-5
-6.500001E-2	-6.946160E-5
-6.000000E-2	-6.791510E-5
-5.500001E-2	-6.651760E-5
-5.000001E-2	-6.492730E-5
-4.500000E-2	-6.347010E-5
-4.000001E-2	-6.198410E-5
-3.500001E-2	-6.044080E-5
-3.000000E-2	-5.887000E-5
-2.500001E-2	-5.737430E-5
-2.000001E-2	-5.584260E-5
-1.500000E-2	-5.431860E-5
-1.000001E-2	-5.280300E-5
-5.000010E-3	-5.130610E-5
-1.490116E-8	-4.980620E-5
4.999995E-3	-4.828460E-5
9.999990E-3	-4.671920E-5
1.499999E-2	-4.513140E-5
2.000000E-2	-4.353780E-5
2.499999E-2	-4.198090E-5
2.999999E-2	-4.042350E-5
3.500000E-2	-3.888550E-5
3.999999E-2	-3.735300E-5
4.499999E-2	-3.573050E-5
5.000000E-2	-3.412200E-5
5.499999E-2	-3.257360E-5
5.999999E-2	-3.088740E-5
6.499998E-2	-2.933600E-5
6.999998E-2	-2.773980E-5
7.500000E-2	-2.613370E-5
8.000000E-2	-2.459110E-5
8.499999E-2	-2.293270E-5
8.999999E-2	-2.125090E-5
9.499998E-2	-1.961380E-5
9.999998E-2	-1.801120E-5
1.050000E-1	-1.634460E-5
1.100000E-1	-1.469390E-5
1.150000E-1	-1.301250E-5
1.200000E-1	-1.133670E-5
1.250000E-1	-9.653800E-6
1.300000E-1	-7.909000E-6
1.350000E-1	-6.213150E-6
1.400000E-1	-4.495550E-6
1.450000E-1	-2.828740E-6
1.500000E-1	-1.108210E-6
1.550000E-1	6.134590E-7
1.600000E-1	2.308010E-6
1.650000E-1	4.122140E-6
1.700000E-1	5.952660E-6
1.750000E-1	7.623640E-6
1.800000E-1	9.466840E-6
1.850000E-1	1.116820E-5
1.900000E-1	1.293080E-5
1.950000E-1	1.475810E-5
2.000000E-1	1.656980E-5
2.050000E-1	1.843810E-5
2.100000E-1	2.029890E-5
2.150000E-1	2.200930E-5
2.200000E-1	2.384570E-5
2.250000E-1	2.570530E-5
2.300000E-1	2.748050E-5
2.350000E-1	2.930770E-5
2.400000E-1	3.119980E-5
2.450000E-1	3.296120E-5
2.500000E-1	3.489130E-5
2.550000E-1	3.675350E-5
2.600000E-1	3.841120E-5
2.650000E-1	4.029060E-5
2.700000E-1	4.208500E-5
2.750000E-1	4.391380E-5
2.800000E-1	4.586440E-5
2.850000E-1	4.776580E-5
2.900000E-1	4.952640E-5
2.950000E-1	5.149610E-5
3.000000E-1	5.349870E-5
3.050000E-1	5.556370E-5
3.100000E-1	5.702980E-5
3.150000E-1	5.889630E-5
3.200000E-1	6.076590E-5
3.250000E-1	6.268270E-5
3.300000E-1	6.451050E-5
3.350000E-1	6.646450E-5
3.400000E-1	6.844930E-5
3.450000E-1	7.013610E-5
3.500000E-1	7.194630E-5
3.550000E-1	7.386170E-5
3.600000E-1	7.575090E-5
3.650000E-1	7.786350E-5
3.700000E-1	7.965470E-5
3.750000E-1	8.154190E-5
3.800000E-1	8.352670E-5
3.850000E-1	8.549700E-5
3.900000E-1	8.769840E-5
3.950000E-1	8.947370E-5
4.000000E-1	9.127480E-5
4.050000E-1	9.343560E-5
4.100000E-1	9.533620E-5
4.150000E-1	9.712950E-5
4.200000E-1	9.932830E-5
4.250000E-1	1.011960E-4
4.300000E-1	1.038410E-4
4.350000E-1	1.058300E-4
4.400000E-1	1.077870E-4
4.450000E-1	1.098980E-4
4.500000E-1	1.119260E-4
4.550000E-1	1.144800E-4
4.600000E-1	1.163380E-4
4.650000E-1	1.186510E-4
4.700000E-1	1.207840E-4
4.750000E-1	1.227180E-4
4.800000E-1	1.252100E-4
4.850000E-1	1.273280E-4
4.900000E-1	1.300210E-4
4.950000E-1	1.321600E-4
5.000000E-1	1.350070E-4
5.050000E-1	1.374740E-4
5.100000E-1	1.395580E-4
5.150000E-1	1.414570E-4
5.200000E-1	1.445240E-4
5.250000E-1	1.474350E-4
5.300000E-1	1.502610E-4
5.350000E-1	1.533120E-4
5.400000E-1	1.565970E-4
5.450000E-1	1.602940E-4
5.500000E-1	1.641910E-4
5.550000E-1	1.680610E-4
5.600000E-1	1.725000E-4
5.650000E-1	1.766330E-4
5.700000E-1	1.809060E-4
5.750000E-1	1.861640E-4
5.800000E-1	1.919940E-4
5.850000E-1	1.974400E-4
5.900000E-1	2.037940E-4
5.950000E-1	2.109180E-4
6.000000E-1	2.193560E-4
6.050000E-1	2.284040E-4
6.100000E-1	2.377010E-4
6.150000E-1	2.466600E-4
6.200000E-1	2.538270E-4
6.250000E-1	2.623030E-4
6.300000E-1	2.703540E-4
6.350000E-1	2.786850E-4
6.400000E-1	2.864710E-4
6.450000E-1	2.946170E-4
6.500000E-1	3.021150E-4
6.550000E-1	3.102030E-4
6.600000E-1	3.181620E-4
6.650000E-1	3.258950E-4
6.700000E-1	3.340030E-4
6.750000E-1	3.416660E-4
6.800000E-1	3.503620E-4
6.850000E-1	3.586390E-4
6.900000E-1	3.670980E-4
6.950000E-1	3.759770E-4
7.000000E-1	3.848260E-4
7.050000E-1	3.939530E-4
7.100000E-1	4.038060E-4
7.150000E-1	4.131160E-4
7.200000E-1	4.233840E-4
7.250000E-1	4.346880E-4
7.300000E-1	4.449890E-4
7.350000E-1	4.572770E-4
7.400000E-1	4.671220E-4
7.450000E-1	4.768890E-4
7.500000E-1	4.881460E-4
7.550000E-1	4.986960E-4
7.600000E-1	5.085860E-4
7.650000E-1	5.194560E-4
7.700000E-1	5.299450E-4
7.750000E-1	5.405180E-4
7.800000E-1	5.513690E-4
7.850000E-1	5.612180E-4
7.900000E-1	5.718220E-4
7.950000E-1	5.826450E-4
8.000000E-1	5.936290E-4
