Voltage [V]	Current [A]
-2.000000E-1	-1.301830E-4
-1.950000E-1	-1.276480E-4
-1.900000E-1	-1.247330E-4
-1.850000E-1	-1.217150E-4
-1.800000E-1	-1.189210E-4
-1.750000E-1	-1.159180E-4
-1.700000E-1	-1.129280E-4
-1.650000E-1	-1.099620E-4
-1.600000E-1	-1.080120E-4
-1.550000E-1	-1.048740E-4
-1.500000E-1	-1.019400E-4
-1.450000E-1	-9.907980E-5
-1.400000E-1	-9.573180E-5
-1.350000E-1	-9.303350E-5
-1.300000E-1	-9.005750E-5
-1.250000E-1	-8.700190E-5
-1.200000E-1	-8.396830E-5
-1.150000E-1	-8.083040E-5
-1.100000E-1	-7.792330E-5
-1.050000E-1	-7.510240E-5
-1.000000E-1	-7.224250E-5
-9.500001E-2	-6.932060E-5
-9.000000E-2	-6.644120E-5
-8.500001E-2	-6.361860E-5
-8.000001E-2	-6.072610E-5
-7.500000E-2	-5.780630E-5
-7.000001E-2	-5.495710E-5
-6.500001E-2	-5.219220E-5
-6.000000E-2	-4.934390E-5
-5.500001E-2	-4.647250E-5
-5.000001E-2	-4.362810E-5
-4.500000E-2	-4.080280E-5
-4.000001E-2	-3.796240E-5
-3.500001E-2	-3.518050E-5
-3.000000E-2	-3.240030E-5
-2.500001E-2	-2.964310E-5
-2.000001E-2	-2.686720E-5
-1.500000E-2	-2.405240E-5
-1.000001E-2	-2.128060E-5
-5.000010E-3	-1.849400E-5
-1.490116E-8	-1.572790E-5
4.999995E-3	-1.296920E-5
9.999990E-3	-1.021650E-5
1.499999E-2	-7.446470E-6
2.000000E-2	-4.685920E-6
2.499999E-2	-1.906640E-6
2.999999E-2	8.316520E-7
3.500000E-2	3.630270E-6
3.999999E-2	6.372840E-6
4.499999E-2	9.110290E-6
5.000000E-2	1.189720E-5
5.499999E-2	1.463440E-5
5.999999E-2	1.738140E-5
6.499998E-2	2.017380E-5
6.999998E-2	2.295290E-5
7.500000E-2	2.574850E-5
8.000000E-2	2.848650E-5
8.499999E-2	3.127130E-5
8.999999E-2	3.403350E-5
9.499998E-2	3.680030E-5
9.999998E-2	3.956030E-5
1.050000E-1	4.235460E-5
1.100000E-1	4.511780E-5
1.150000E-1	4.796490E-5
1.200000E-1	5.083450E-5
1.250000E-1	5.362830E-5
1.300000E-1	5.645420E-5
1.350000E-1	5.931150E-5
1.400000E-1	6.212280E-5
1.450000E-1	6.493590E-5
1.500000E-1	6.784380E-5
1.550000E-1	7.061980E-5
1.600000E-1	7.350020E-5
1.650000E-1	7.632730E-5
1.700000E-1	7.922600E-5
1.750000E-1	8.206090E-5
1.800000E-1	8.496720E-5
1.850000E-1	8.777820E-5
1.900000E-1	9.066040E-5
1.950000E-1	9.347830E-5
2.000000E-1	9.634050E-5
2.050000E-1	9.909940E-5
2.100000E-1	1.020720E-4
2.150000E-1	1.049600E-4
2.200000E-1	1.078020E-4
2.250000E-1	1.107070E-4
2.300000E-1	1.136560E-4
2.350000E-1	1.165390E-4
2.400000E-1	1.193310E-4
2.450000E-1	1.223490E-4
2.500000E-1	1.253210E-4
2.550000E-1	1.280890E-4
2.600000E-1	1.310290E-4
2.650000E-1	1.339260E-4
2.700000E-1	1.369710E-4
2.750000E-1	1.400270E-4
2.800000E-1	1.427540E-4
2.850000E-1	1.455990E-4
2.900000E-1	1.488280E-4
2.950000E-1	1.518140E-4
3.000000E-1	1.545530E-4
3.050000E-1	1.573030E-4
3.100000E-1	1.603720E-4
3.150000E-1	1.632360E-4
3.200000E-1	1.660070E-4
3.250000E-1	1.691340E-4
3.300000E-1	1.720260E-4
3.350000E-1	1.753000E-4
3.400000E-1	1.781720E-4
3.450000E-1	1.810680E-4
3.500000E-1	1.841020E-4
3.550000E-1	1.868660E-4
3.600000E-1	1.900440E-4
3.650000E-1	1.929960E-4
3.700000E-1	1.962430E-4
3.750000E-1	1.991110E-4
3.800000E-1	2.020430E-4
3.850000E-1	2.051720E-4
3.900000E-1	2.079580E-4
3.950000E-1	2.110320E-4
4.000000E-1	2.140880E-4
4.050000E-1	2.171410E-4
4.100000E-1	2.201430E-4
4.150000E-1	2.231460E-4
4.200000E-1	2.262820E-4
4.250000E-1	2.296870E-4
4.300000E-1	2.326790E-4
4.350000E-1	2.360350E-4
4.400000E-1	2.402070E-4
4.450000E-1	2.437500E-4
4.500000E-1	2.465730E-4
4.550000E-1	2.496320E-4
4.600000E-1	2.528800E-4
4.650000E-1	2.545260E-4
4.700000E-1	2.577450E-4
4.750000E-1	2.611640E-4
4.800000E-1	2.643090E-4
4.850000E-1	2.679030E-4
4.900000E-1	2.710010E-4
4.950000E-1	2.746030E-4
5.000000E-1	2.781280E-4
5.050000E-1	2.813570E-4
5.100000E-1	2.847780E-4
5.150000E-1	2.890590E-4
5.200000E-1	2.927350E-4
5.250000E-1	2.964520E-4
5.300000E-1	2.999070E-4
5.350000E-1	3.030960E-4
5.400000E-1	3.073810E-4
5.450000E-1	3.109110E-4
5.500000E-1	3.147370E-4
5.550000E-1	3.187880E-4
5.600000E-1	3.221060E-4
5.650000E-1	3.258860E-4
5.700000E-1	3.296430E-4
5.750000E-1	3.328390E-4
5.800000E-1	3.367000E-4
5.850000E-1	3.402130E-4
5.900000E-1	3.443980E-4
5.950000E-1	3.482820E-4
6.000000E-1	3.525000E-4
6.050000E-1	3.568610E-4
6.100000E-1	3.607020E-4
6.150000E-1	3.651310E-4
6.200000E-1	3.692160E-4
6.250000E-1	3.739500E-4
6.300000E-1	3.780500E-4
6.350000E-1	3.820180E-4
6.400000E-1	3.862080E-4
6.450000E-1	3.906490E-4
6.500000E-1	3.969310E-4
6.550000E-1	4.013230E-4
6.600000E-1	4.064090E-4
6.650000E-1	4.114170E-4
6.700000E-1	4.155060E-4
6.750000E-1	4.198080E-4
6.800000E-1	4.249390E-4
6.850000E-1	4.294770E-4
6.900000E-1	4.368590E-4
6.950000E-1	4.401600E-4
7.000000E-1	4.453380E-4
7.050000E-1	4.494510E-4
7.100000E-1	4.543230E-4
7.150000E-1	4.583560E-4
7.200000E-1	4.630230E-4
7.250000E-1	4.679500E-4
7.300000E-1	4.703850E-4
7.350000E-1	4.725070E-4
7.400000E-1	4.768110E-4
7.450000E-1	4.813740E-4
7.500000E-1	4.870430E-4
7.550000E-1	4.923170E-4
7.600000E-1	4.969080E-4
7.650000E-1	5.028470E-4
7.700000E-1	5.081290E-4
7.750000E-1	5.140640E-4
7.800000E-1	5.186750E-4
7.850000E-1	5.239630E-4
7.900000E-1	5.298760E-4
7.950000E-1	5.357330E-4
8.000000E-1	5.417130E-4
