Voltage [V]	Current [A]
-2.000000E-1	-3.584010E-5
-1.950000E-1	-3.568860E-5
-1.900000E-1	-3.548740E-5
-1.850000E-1	-3.533970E-5
-1.800000E-1	-3.517630E-5
-1.750000E-1	-3.508190E-5
-1.700000E-1	-3.497760E-5
-1.650000E-1	-3.494650E-5
-1.600000E-1	-3.480830E-5
-1.550000E-1	-3.463170E-5
-1.500000E-1	-3.452360E-5
-1.450000E-1	-3.449000E-5
-1.400000E-1	-3.435910E-5
-1.350000E-1	-3.421770E-5
-1.300000E-1	-3.414770E-5
-1.250000E-1	-3.401520E-5
-1.200000E-1	-3.389060E-5
-1.150000E-1	-3.378280E-5
-1.100000E-1	-3.365820E-5
-1.050000E-1	-3.353300E-5
-1.000000E-1	-3.334200E-5
-9.500001E-2	-3.323630E-5
-9.000000E-2	-3.315900E-5
-8.500001E-2	-3.300630E-5
-8.000001E-2	-3.293170E-5
-7.500000E-2	-3.274940E-5
-7.000001E-2	-3.254830E-5
-6.500001E-2	-3.241040E-5
-6.000000E-2	-3.235060E-5
-5.500001E-2	-3.220360E-5
-5.000001E-2	-3.208020E-5
-4.500000E-2	-3.193430E-5
-4.000001E-2	-3.180290E-5
-3.500001E-2	-3.168400E-5
-3.000000E-2	-3.153170E-5
-2.500001E-2	-3.140700E-5
-2.000001E-2	-3.132290E-5
-1.500000E-2	-3.113010E-5
-1.000001E-2	-3.099140E-5
-5.000010E-3	-3.086100E-5
-1.490116E-8	-3.067820E-5
4.999995E-3	-3.044990E-5
9.999990E-3	-3.036940E-5
1.499999E-2	-3.023000E-5
2.000000E-2	-3.003730E-5
2.499999E-2	-2.983410E-5
2.999999E-2	-2.968380E-5
3.500000E-2	-2.949450E-5
3.999999E-2	-2.927510E-5
4.499999E-2	-2.908010E-5
5.000000E-2	-2.894020E-5
5.499999E-2	-2.878640E-5
5.999999E-2	-2.854570E-5
6.499998E-2	-2.833650E-5
6.999998E-2	-2.812600E-5
7.500000E-2	-2.794010E-5
8.000000E-2	-2.772120E-5
8.499999E-2	-2.752850E-5
8.999999E-2	-2.729060E-5
9.499998E-2	-2.709700E-5
9.999998E-2	-2.685230E-5
1.050000E-1	-2.666960E-5
1.100000E-1	-2.646690E-5
1.150000E-1	-2.619610E-5
1.200000E-1	-2.592760E-5
1.250000E-1	-2.571080E-5
1.300000E-1	-2.548300E-5
1.350000E-1	-2.520520E-5
1.400000E-1	-2.494490E-5
1.450000E-1	-2.469310E-5
1.500000E-1	-2.438150E-5
1.550000E-1	-2.415190E-5
1.600000E-1	-2.380460E-5
1.650000E-1	-2.347980E-5
1.700000E-1	-2.320410E-5
1.750000E-1	-2.288260E-5
1.800000E-1	-2.267330E-5
1.850000E-1	-2.234310E-5
1.900000E-1	-2.199250E-5
1.950000E-1	-2.166250E-5
2.000000E-1	-2.134340E-5
2.050000E-1	-2.103680E-5
2.100000E-1	-2.071980E-5
2.150000E-1	-2.038010E-5
2.200000E-1	-2.000700E-5
2.250000E-1	-1.963480E-5
2.300000E-1	-1.928680E-5
2.350000E-1	-1.895820E-5
2.400000E-1	-1.856390E-5
2.450000E-1	-1.821320E-5
2.500000E-1	-1.782720E-5
2.550000E-1	-1.750310E-5
2.600000E-1	-1.710290E-5
2.650000E-1	-1.670990E-5
2.700000E-1	-1.629340E-5
2.750000E-1	-1.591750E-5
2.800000E-1	-1.552250E-5
2.850000E-1	-1.511360E-5
2.900000E-1	-1.474050E-5
2.950000E-1	-1.435510E-5
3.000000E-1	-1.394620E-5
3.050000E-1	-1.355010E-5
3.100000E-1	-1.315960E-5
3.150000E-1	-1.274910E-5
3.200000E-1	-1.236380E-5
3.250000E-1	-1.196500E-5
3.300000E-1	-1.156250E-5
3.350000E-1	-1.114170E-5
3.400000E-1	-1.075320E-5
3.450000E-1	-1.034770E-5
3.500000E-1	-9.995070E-6
3.550000E-1	-9.599840E-6
3.600000E-1	-9.188290E-6
3.650000E-1	-8.817450E-6
3.700000E-1	-8.429160E-6
3.750000E-1	-8.038860E-6
3.800000E-1	-7.652070E-6
3.850000E-1	-7.273430E-6
3.900000E-1	-6.880790E-6
3.950000E-1	-6.500610E-6
4.000000E-1	-6.136100E-6
4.050000E-1	-5.745690E-6
4.100000E-1	-5.374840E-6
4.150000E-1	-4.998160E-6
4.200000E-1	-4.636900E-6
4.250000E-1	-4.263410E-6
4.300000E-1	-3.896350E-6
4.350000E-1	-3.531020E-6
4.400000E-1	-3.156700E-6
4.450000E-1	-2.781700E-6
4.500000E-1	-2.434490E-6
4.550000E-1	-2.047740E-6
4.600000E-1	-1.659630E-6
4.650000E-1	-1.275170E-6
4.700000E-1	-8.857660E-7
4.750000E-1	-4.797740E-7
4.800000E-1	-2.597140E-8
4.850000E-1	3.445630E-7
4.900000E-1	7.686160E-7
4.950000E-1	1.204850E-6
5.000000E-1	1.657980E-6
5.050000E-1	2.149970E-6
5.100000E-1	2.625860E-6
5.150000E-1	3.122990E-6
5.200000E-1	3.666190E-6
5.250000E-1	4.222490E-6
5.300000E-1	4.812290E-6
5.350000E-1	5.454490E-6
5.400000E-1	6.113260E-6
5.450000E-1	6.817410E-6
5.500000E-1	7.541950E-6
5.550000E-1	8.334470E-6
5.600000E-1	9.173340E-6
5.650000E-1	1.006530E-5
5.700000E-1	1.104180E-5
5.750000E-1	1.202850E-5
5.800000E-1	1.308640E-5
5.850000E-1	1.422040E-5
5.900000E-1	1.543480E-5
5.950000E-1	1.672920E-5
6.000000E-1	1.809510E-5
6.050000E-1	1.951540E-5
6.100000E-1	2.102270E-5
6.150000E-1	2.261590E-5
6.200000E-1	2.430750E-5
6.250000E-1	2.606520E-5
6.300000E-1	2.794850E-5
6.350000E-1	2.990750E-5
6.400000E-1	3.197940E-5
6.450000E-1	3.412520E-5
6.500000E-1	3.639400E-5
6.550000E-1	3.874960E-5
6.600000E-1	4.122470E-5
6.650000E-1	4.380780E-5
6.700000E-1	4.649470E-5
6.750000E-1	4.927890E-5
6.800000E-1	5.217840E-5
6.850000E-1	5.517070E-5
6.900000E-1	5.827350E-5
6.950000E-1	6.149760E-5
7.000000E-1	6.481600E-5
7.050000E-1	6.822990E-5
7.100000E-1	7.176030E-5
7.150000E-1	7.541090E-5
7.200000E-1	7.915620E-5
7.250000E-1	8.300670E-5
7.300000E-1	8.694200E-5
7.350000E-1	9.095820E-5
7.400000E-1	9.510550E-5
7.450000E-1	9.932180E-5
7.500000E-1	1.036470E-4
7.550000E-1	1.080600E-4
7.600000E-1	1.125700E-4
7.650000E-1	1.171810E-4
7.700000E-1	1.218320E-4
7.750000E-1	1.265960E-4
7.800000E-1	1.314460E-4
7.850000E-1	1.363970E-4
7.900000E-1	1.414380E-4
7.950000E-1	1.465530E-4
8.000000E-1	1.517340E-4
