Voltage [V]	Current [A]
-2.000000E-1	-7.388000E-5
-1.950000E-1	-7.361910E-5
-1.900000E-1	-7.329420E-5
-1.850000E-1	-7.308490E-5
-1.800000E-1	-7.283940E-5
-1.750000E-1	-7.268900E-5
-1.700000E-1	-7.245890E-5
-1.650000E-1	-7.219010E-5
-1.600000E-1	-7.194180E-5
-1.550000E-1	-7.184460E-5
-1.500000E-1	-7.152620E-5
-1.450000E-1	-7.127220E-5
-1.400000E-1	-7.111550E-5
-1.350000E-1	-7.086670E-5
-1.300000E-1	-7.070280E-5
-1.250000E-1	-7.035990E-5
-1.200000E-1	-7.020150E-5
-1.150000E-1	-6.980870E-5
-1.100000E-1	-6.956340E-5
-1.050000E-1	-6.945080E-5
-1.000000E-1	-6.906420E-5
-9.500001E-2	-6.885230E-5
-9.000000E-2	-6.848350E-5
-8.500001E-2	-6.829530E-5
-8.000001E-2	-6.817090E-5
-7.500000E-2	-6.790160E-5
-7.000001E-2	-6.756530E-5
-6.500001E-2	-6.727580E-5
-6.000000E-2	-6.692750E-5
-5.500001E-2	-6.673970E-5
-5.000001E-2	-6.655460E-5
-4.500000E-2	-6.630390E-5
-4.000001E-2	-6.589320E-5
-3.500001E-2	-6.563590E-5
-3.000000E-2	-6.543370E-5
-2.500001E-2	-6.523360E-5
-2.000001E-2	-6.487910E-5
-1.500000E-2	-6.447170E-5
-1.000001E-2	-6.423610E-5
-5.000010E-3	-6.398150E-5
-1.490116E-8	-6.345960E-5
4.999995E-3	-6.312250E-5
9.999990E-3	-6.288950E-5
1.499999E-2	-6.261140E-5
2.000000E-2	-6.224180E-5
2.499999E-2	-6.190080E-5
2.999999E-2	-6.151820E-5
3.500000E-2	-6.120330E-5
3.999999E-2	-6.087120E-5
4.499999E-2	-6.057200E-5
5.000000E-2	-6.005040E-5
5.499999E-2	-5.967610E-5
5.999999E-2	-5.924760E-5
6.499998E-2	-5.891890E-5
6.999998E-2	-5.867960E-5
7.500000E-2	-5.816310E-5
8.000000E-2	-5.762080E-5
8.499999E-2	-5.717170E-5
8.999999E-2	-5.678100E-5
9.499998E-2	-5.642030E-5
9.999998E-2	-5.589040E-5
1.050000E-1	-5.538980E-5
1.100000E-1	-5.498560E-5
1.150000E-1	-5.438140E-5
1.200000E-1	-5.394620E-5
1.250000E-1	-5.349560E-5
1.300000E-1	-5.297420E-5
1.350000E-1	-5.239850E-5
1.400000E-1	-5.182720E-5
1.450000E-1	-5.133900E-5
1.500000E-1	-5.090550E-5
1.550000E-1	-5.045870E-5
1.600000E-1	-4.985010E-5
1.650000E-1	-4.920680E-5
1.700000E-1	-4.849950E-5
1.750000E-1	-4.792030E-5
1.800000E-1	-4.726660E-5
1.850000E-1	-4.665520E-5
1.900000E-1	-4.595400E-5
1.950000E-1	-4.533950E-5
2.000000E-1	-4.476560E-5
2.050000E-1	-4.417240E-5
2.100000E-1	-4.343630E-5
2.150000E-1	-4.275770E-5
2.200000E-1	-4.211860E-5
2.250000E-1	-4.142650E-5
2.300000E-1	-4.070710E-5
2.350000E-1	-3.993590E-5
2.400000E-1	-3.924010E-5
2.450000E-1	-3.844030E-5
2.500000E-1	-3.778500E-5
2.550000E-1	-3.709470E-5
2.600000E-1	-3.633440E-5
2.650000E-1	-3.556560E-5
2.700000E-1	-3.478330E-5
2.750000E-1	-3.404740E-5
2.800000E-1	-3.324040E-5
2.850000E-1	-3.248410E-5
2.900000E-1	-3.174520E-5
2.950000E-1	-3.093570E-5
3.000000E-1	-3.020870E-5
3.050000E-1	-2.942110E-5
3.100000E-1	-2.863910E-5
3.150000E-1	-2.787030E-5
3.200000E-1	-2.705920E-5
3.250000E-1	-2.628560E-5
3.300000E-1	-2.548930E-5
3.350000E-1	-2.470310E-5
3.400000E-1	-2.396830E-5
3.450000E-1	-2.318240E-5
3.500000E-1	-2.240350E-5
3.550000E-1	-2.163380E-5
3.600000E-1	-2.086050E-5
3.650000E-1	-2.009920E-5
3.700000E-1	-1.936830E-5
3.750000E-1	-1.860680E-5
3.800000E-1	-1.786430E-5
3.850000E-1	-1.714100E-5
3.900000E-1	-1.639780E-5
3.950000E-1	-1.565680E-5
4.000000E-1	-1.496170E-5
4.050000E-1	-1.425820E-5
4.100000E-1	-1.355100E-5
4.150000E-1	-1.289500E-5
4.200000E-1	-1.220570E-5
4.250000E-1	-1.155100E-5
4.300000E-1	-1.088750E-5
4.350000E-1	-1.021970E-5
4.400000E-1	-9.587820E-6
4.450000E-1	-8.934470E-6
4.500000E-1	-8.274020E-6
4.550000E-1	-7.617620E-6
4.600000E-1	-6.987610E-6
4.650000E-1	-6.388630E-6
4.700000E-1	-5.730520E-6
4.750000E-1	-5.124090E-6
4.800000E-1	-4.506350E-6
4.850000E-1	-3.864060E-6
4.900000E-1	-3.251150E-6
4.950000E-1	-2.603190E-6
5.000000E-1	-1.963270E-6
5.050000E-1	-1.292250E-6
5.100000E-1	-6.110990E-7
5.150000E-1	2.386190E-8
5.200000E-1	7.277900E-7
5.250000E-1	1.455280E-6
5.300000E-1	2.184490E-6
5.350000E-1	2.964150E-6
5.400000E-1	3.772410E-6
5.450000E-1	4.588600E-6
5.500000E-1	5.433090E-6
5.550000E-1	6.337370E-6
5.600000E-1	7.283070E-6
5.650000E-1	8.269250E-6
5.700000E-1	9.311700E-6
5.750000E-1	1.040910E-5
5.800000E-1	1.156540E-5
5.850000E-1	1.278670E-5
5.900000E-1	1.406470E-5
5.950000E-1	1.541970E-5
6.000000E-1	1.684200E-5
6.050000E-1	1.836190E-5
6.100000E-1	1.995180E-5
6.150000E-1	2.163040E-5
6.200000E-1	2.339780E-5
6.250000E-1	2.526880E-5
6.300000E-1	2.720550E-5
6.350000E-1	2.925370E-5
6.400000E-1	3.139850E-5
6.450000E-1	3.363300E-5
6.500000E-1	3.598620E-5
6.550000E-1	3.844440E-5
6.600000E-1	4.101730E-5
6.650000E-1	4.369700E-5
6.700000E-1	4.646960E-5
6.750000E-1	4.935930E-5
6.800000E-1	5.234440E-5
6.850000E-1	5.546810E-5
6.900000E-1	5.868310E-5
6.950000E-1	6.201620E-5
7.000000E-1	6.546260E-5
7.050000E-1	6.900670E-5
7.100000E-1	7.265010E-5
7.150000E-1	7.638770E-5
7.200000E-1	8.023840E-5
7.250000E-1	8.420780E-5
7.300000E-1	8.828050E-5
7.350000E-1	9.244890E-5
7.400000E-1	9.672890E-5
7.450000E-1	1.010920E-4
7.500000E-1	1.055570E-4
7.550000E-1	1.101230E-4
7.600000E-1	1.147850E-4
7.650000E-1	1.195200E-4
7.700000E-1	1.243440E-4
7.750000E-1	1.292950E-4
7.800000E-1	1.342940E-4
7.850000E-1	1.394290E-4
7.900000E-1	1.446430E-4
7.950000E-1	1.499120E-4
8.000000E-1	1.552590E-4
