Voltage [V]	Current [A]
-2.000000E-1	-6.391330E-5
-1.950000E-1	-6.367770E-5
-1.900000E-1	-6.359210E-5
-1.850000E-1	-6.335630E-5
-1.800000E-1	-6.316140E-5
-1.750000E-1	-6.299510E-5
-1.700000E-1	-6.267660E-5
-1.650000E-1	-6.254670E-5
-1.600000E-1	-6.229510E-5
-1.550000E-1	-6.216190E-5
-1.500000E-1	-6.203090E-5
-1.450000E-1	-6.179500E-5
-1.400000E-1	-6.151540E-5
-1.350000E-1	-6.140810E-5
-1.300000E-1	-6.128360E-5
-1.250000E-1	-6.098430E-5
-1.200000E-1	-6.079190E-5
-1.150000E-1	-6.056240E-5
-1.100000E-1	-6.035110E-5
-1.050000E-1	-6.021540E-5
-1.000000E-1	-5.997910E-5
-9.500001E-2	-5.970630E-5
-9.000000E-2	-5.944270E-5
-8.500001E-2	-5.922370E-5
-8.000001E-2	-5.895620E-5
-7.500000E-2	-5.880140E-5
-7.000001E-2	-5.843000E-5
-6.500001E-2	-5.819770E-5
-6.000000E-2	-5.813550E-5
-5.500001E-2	-5.789890E-5
-5.000001E-2	-5.759830E-5
-4.500000E-2	-5.731620E-5
-4.000001E-2	-5.704100E-5
-3.500001E-2	-5.674570E-5
-3.000000E-2	-5.645940E-5
-2.500001E-2	-5.630910E-5
-2.000001E-2	-5.595970E-5
-1.500000E-2	-5.568350E-5
-1.000001E-2	-5.531950E-5
-5.000010E-3	-5.503310E-5
-1.490116E-8	-5.477900E-5
4.999995E-3	-5.455560E-5
9.999990E-3	-5.424370E-5
1.499999E-2	-5.398520E-5
2.000000E-2	-5.356970E-5
2.499999E-2	-5.342440E-5
2.999999E-2	-5.304900E-5
3.500000E-2	-5.263720E-5
3.999999E-2	-5.246390E-5
4.499999E-2	-5.206010E-5
5.000000E-2	-5.158210E-5
5.499999E-2	-5.132700E-5
5.999999E-2	-5.096850E-5
6.499998E-2	-5.058170E-5
6.999998E-2	-5.029950E-5
7.500000E-2	-4.995510E-5
8.000000E-2	-4.953420E-5
8.499999E-2	-4.915850E-5
8.999999E-2	-4.873200E-5
9.499998E-2	-4.843910E-5
9.999998E-2	-4.799870E-5
1.050000E-1	-4.752170E-5
1.100000E-1	-4.709080E-5
1.150000E-1	-4.667870E-5
1.200000E-1	-4.623980E-5
1.250000E-1	-4.583520E-5
1.300000E-1	-4.535350E-5
1.350000E-1	-4.482270E-5
1.400000E-1	-4.436400E-5
1.450000E-1	-4.395560E-5
1.500000E-1	-4.346920E-5
1.550000E-1	-4.290610E-5
1.600000E-1	-4.237790E-5
1.650000E-1	-4.184560E-5
1.700000E-1	-4.127270E-5
1.750000E-1	-4.082670E-5
1.800000E-1	-4.025290E-5
1.850000E-1	-3.976970E-5
1.900000E-1	-3.919830E-5
1.950000E-1	-3.858480E-5
2.000000E-1	-3.795770E-5
2.050000E-1	-3.739040E-5
2.100000E-1	-3.682990E-5
2.150000E-1	-3.623490E-5
2.200000E-1	-3.557960E-5
2.250000E-1	-3.495540E-5
2.300000E-1	-3.434270E-5
2.350000E-1	-3.368140E-5
2.400000E-1	-3.308520E-5
2.450000E-1	-3.244330E-5
2.500000E-1	-3.187210E-5
2.550000E-1	-3.124550E-5
2.600000E-1	-3.052640E-5
2.650000E-1	-2.977690E-5
2.700000E-1	-2.915450E-5
2.750000E-1	-2.849400E-5
2.800000E-1	-2.785370E-5
2.850000E-1	-2.720300E-5
2.900000E-1	-2.653110E-5
2.950000E-1	-2.585330E-5
3.000000E-1	-2.517490E-5
3.050000E-1	-2.445040E-5
3.100000E-1	-2.378950E-5
3.150000E-1	-2.313080E-5
3.200000E-1	-2.249380E-5
3.250000E-1	-2.181290E-5
3.300000E-1	-2.107030E-5
3.350000E-1	-2.039740E-5
3.400000E-1	-1.973460E-5
3.450000E-1	-1.908130E-5
3.500000E-1	-1.838010E-5
3.550000E-1	-1.775820E-5
3.600000E-1	-1.712370E-5
3.650000E-1	-1.644880E-5
3.700000E-1	-1.577800E-5
3.750000E-1	-1.512770E-5
3.800000E-1	-1.448890E-5
3.850000E-1	-1.390520E-5
3.900000E-1	-1.328910E-5
3.950000E-1	-1.264560E-5
4.000000E-1	-1.201600E-5
4.050000E-1	-1.142560E-5
4.100000E-1	-1.084690E-5
4.150000E-1	-1.028870E-5
4.200000E-1	-9.699790E-6
4.250000E-1	-9.114970E-6
4.300000E-1	-8.542610E-6
4.350000E-1	-7.973730E-6
4.400000E-1	-7.413370E-6
4.450000E-1	-6.855290E-6
4.500000E-1	-6.278020E-6
4.550000E-1	-5.724540E-6
4.600000E-1	-5.166310E-6
4.650000E-1	-4.619600E-6
4.700000E-1	-4.068470E-6
4.750000E-1	-3.511010E-6
4.800000E-1	-2.937240E-6
4.850000E-1	-2.388950E-6
4.900000E-1	-1.796640E-6
4.950000E-1	-1.216170E-6
5.000000E-1	-5.902450E-7
5.050000E-1	-6.306170E-12
5.100000E-1	6.206660E-7
5.150000E-1	1.268700E-6
5.200000E-1	1.918870E-6
5.250000E-1	2.589400E-6
5.300000E-1	3.308420E-6
5.350000E-1	4.058660E-6
5.400000E-1	4.827870E-6
5.450000E-1	5.629830E-6
5.500000E-1	6.480900E-6
5.550000E-1	7.370470E-6
5.600000E-1	8.289250E-6
5.650000E-1	9.278320E-6
5.700000E-1	1.032220E-5
5.750000E-1	1.141240E-5
5.800000E-1	1.257270E-5
5.850000E-1	1.379860E-5
5.900000E-1	1.510060E-5
5.950000E-1	1.648120E-5
6.000000E-1	1.793350E-5
6.050000E-1	1.944610E-5
6.100000E-1	2.105570E-5
6.150000E-1	2.275110E-5
6.200000E-1	2.452860E-5
6.250000E-1	2.642020E-5
6.300000E-1	2.838350E-5
6.350000E-1	3.047740E-5
6.400000E-1	3.263830E-5
6.450000E-1	3.489190E-5
6.500000E-1	3.727220E-5
6.550000E-1	3.976190E-5
6.600000E-1	4.234750E-5
6.650000E-1	4.504730E-5
6.700000E-1	4.783310E-5
6.750000E-1	5.076360E-5
6.800000E-1	5.376760E-5
6.850000E-1	5.688780E-5
6.900000E-1	6.011640E-5
6.950000E-1	6.346250E-5
7.000000E-1	6.691280E-5
7.050000E-1	7.047250E-5
7.100000E-1	7.413180E-5
7.150000E-1	7.789500E-5
7.200000E-1	8.178430E-5
7.250000E-1	8.574880E-5
7.300000E-1	8.983820E-5
7.350000E-1	9.401510E-5
7.400000E-1	9.831380E-5
7.450000E-1	1.026890E-4
7.500000E-1	1.071500E-4
7.550000E-1	1.117200E-4
7.600000E-1	1.163880E-4
7.650000E-1	1.211420E-4
7.700000E-1	1.259570E-4
7.750000E-1	1.308860E-4
7.800000E-1	1.359100E-4
7.850000E-1	1.410170E-4
7.900000E-1	1.461970E-4
7.950000E-1	1.514420E-4
8.000000E-1	1.567700E-4
