Voltage [V]	Current [A]
-2.000000E-1	-7.439670E-5
-1.950000E-1	-7.423090E-5
-1.900000E-1	-7.399800E-5
-1.850000E-1	-7.382870E-5
-1.800000E-1	-7.348600E-5
-1.750000E-1	-7.325600E-5
-1.700000E-1	-7.292500E-5
-1.650000E-1	-7.258770E-5
-1.600000E-1	-7.233930E-5
-1.550000E-1	-7.210010E-5
-1.500000E-1	-7.187010E-5
-1.450000E-1	-7.172450E-5
-1.400000E-1	-7.157740E-5
-1.350000E-1	-7.131180E-5
-1.300000E-1	-7.113480E-5
-1.250000E-1	-7.078940E-5
-1.200000E-1	-7.052970E-5
-1.150000E-1	-7.023650E-5
-1.100000E-1	-7.007480E-5
-1.050000E-1	-6.981450E-5
-1.000000E-1	-6.956090E-5
-9.500001E-2	-6.916110E-5
-9.000000E-2	-6.883410E-5
-8.500001E-2	-6.863770E-5
-8.000001E-2	-6.837960E-5
-7.500000E-2	-6.819070E-5
-7.000001E-2	-6.783300E-5
-6.500001E-2	-6.749520E-5
-6.000000E-2	-6.711770E-5
-5.500001E-2	-6.691180E-5
-5.000001E-2	-6.649560E-5
-4.500000E-2	-6.624540E-5
-4.000001E-2	-6.591070E-5
-3.500001E-2	-6.571220E-5
-3.000000E-2	-6.542740E-5
-2.500001E-2	-6.517790E-5
-2.000001E-2	-6.471530E-5
-1.500000E-2	-6.434110E-5
-1.000001E-2	-6.405180E-5
-5.000010E-3	-6.371530E-5
-1.490116E-8	-6.339760E-5
4.999995E-3	-6.306040E-5
9.999990E-3	-6.266000E-5
1.499999E-2	-6.235810E-5
2.000000E-2	-6.178000E-5
2.499999E-2	-6.143880E-5
2.999999E-2	-6.115640E-5
3.500000E-2	-6.088100E-5
3.999999E-2	-6.023990E-5
4.499999E-2	-5.985830E-5
5.000000E-2	-5.944120E-5
5.499999E-2	-5.917760E-5
5.999999E-2	-5.870450E-5
6.499998E-2	-5.816160E-5
6.999998E-2	-5.774250E-5
7.500000E-2	-5.726730E-5
8.000000E-2	-5.685510E-5
8.499999E-2	-5.646500E-5
8.999999E-2	-5.582470E-5
9.499998E-2	-5.533770E-5
9.999998E-2	-5.490730E-5
1.050000E-1	-5.435000E-5
1.100000E-1	-5.382180E-5
1.150000E-1	-5.327250E-5
1.200000E-1	-5.291900E-5
1.250000E-1	-5.236150E-5
1.300000E-1	-5.174970E-5
1.350000E-1	-5.111190E-5
1.400000E-1	-5.047650E-5
1.450000E-1	-4.987080E-5
1.500000E-1	-4.936520E-5
1.550000E-1	-4.874150E-5
1.600000E-1	-4.814940E-5
1.650000E-1	-4.756970E-5
1.700000E-1	-4.681190E-5
1.750000E-1	-4.629630E-5
1.800000E-1	-4.563600E-5
1.850000E-1	-4.492350E-5
1.900000E-1	-4.425640E-5
1.950000E-1	-4.357430E-5
2.000000E-1	-4.280870E-5
2.050000E-1	-4.217160E-5
2.100000E-1	-4.153480E-5
2.150000E-1	-4.083270E-5
2.200000E-1	-4.014910E-5
2.250000E-1	-3.930530E-5
2.300000E-1	-3.867370E-5
2.350000E-1	-3.792500E-5
2.400000E-1	-3.712230E-5
2.450000E-1	-3.641840E-5
2.500000E-1	-3.565260E-5
2.550000E-1	-3.490650E-5
2.600000E-1	-3.411580E-5
2.650000E-1	-3.334950E-5
2.700000E-1	-3.260460E-5
2.750000E-1	-3.181200E-5
2.800000E-1	-3.102420E-5
2.850000E-1	-3.030410E-5
2.900000E-1	-2.950850E-5
2.950000E-1	-2.872670E-5
3.000000E-1	-2.793090E-5
3.050000E-1	-2.720890E-5
3.100000E-1	-2.638950E-5
3.150000E-1	-2.560580E-5
3.200000E-1	-2.486440E-5
3.250000E-1	-2.412660E-5
3.300000E-1	-2.337760E-5
3.350000E-1	-2.260060E-5
3.400000E-1	-2.184710E-5
3.450000E-1	-2.109730E-5
3.500000E-1	-2.043800E-5
3.550000E-1	-1.971910E-5
3.600000E-1	-1.901110E-5
3.650000E-1	-1.826990E-5
3.700000E-1	-1.753950E-5
3.750000E-1	-1.683810E-5
3.800000E-1	-1.614720E-5
3.850000E-1	-1.544890E-5
3.900000E-1	-1.476290E-5
3.950000E-1	-1.412280E-5
4.000000E-1	-1.344780E-5
4.050000E-1	-1.278900E-5
4.100000E-1	-1.215490E-5
4.150000E-1	-1.149290E-5
4.200000E-1	-1.085900E-5
4.250000E-1	-1.025220E-5
4.300000E-1	-9.594270E-6
4.350000E-1	-8.989500E-6
4.400000E-1	-8.374450E-6
4.450000E-1	-7.755420E-6
4.500000E-1	-7.157330E-6
4.550000E-1	-6.546950E-6
4.600000E-1	-5.923380E-6
4.650000E-1	-5.338920E-6
4.700000E-1	-4.738980E-6
4.750000E-1	-4.134680E-6
4.800000E-1	-3.531440E-6
4.850000E-1	-2.949580E-6
4.900000E-1	-2.332350E-6
4.950000E-1	-1.683870E-6
5.000000E-1	-1.041410E-6
5.050000E-1	-3.773660E-7
5.100000E-1	2.978250E-7
5.150000E-1	9.743200E-7
5.200000E-1	1.678480E-6
5.250000E-1	2.421590E-6
5.300000E-1	3.186520E-6
5.350000E-1	3.969220E-6
5.400000E-1	4.796250E-6
5.450000E-1	5.676310E-6
5.500000E-1	6.571360E-6
5.550000E-1	7.548850E-6
5.600000E-1	8.548140E-6
5.650000E-1	9.604620E-6
5.700000E-1	1.072620E-5
5.750000E-1	1.191480E-5
5.800000E-1	1.316610E-5
5.850000E-1	1.446400E-5
5.900000E-1	1.587100E-5
5.950000E-1	1.732820E-5
6.000000E-1	1.886290E-5
6.050000E-1	2.049630E-5
6.100000E-1	2.219450E-5
6.150000E-1	2.399070E-5
6.200000E-1	2.589650E-5
6.250000E-1	2.791050E-5
6.300000E-1	3.000370E-5
6.350000E-1	3.221550E-5
6.400000E-1	3.451010E-5
6.450000E-1	3.691240E-5
6.500000E-1	3.942600E-5
6.550000E-1	4.204850E-5
6.600000E-1	4.477580E-5
6.650000E-1	4.760360E-5
6.700000E-1	5.057220E-5
6.750000E-1	5.364020E-5
6.800000E-1	5.681920E-5
6.850000E-1	6.009630E-5
6.900000E-1	6.346260E-5
6.950000E-1	6.698590E-5
7.000000E-1	7.062090E-5
7.050000E-1	7.434810E-5
7.100000E-1	7.818900E-5
7.150000E-1	8.212800E-5
7.200000E-1	8.617490E-5
7.250000E-1	9.032860E-5
7.300000E-1	9.459880E-5
7.350000E-1	9.893500E-5
7.400000E-1	1.033890E-4
7.450000E-1	1.079230E-4
7.500000E-1	1.125890E-4
7.550000E-1	1.173400E-4
7.600000E-1	1.221860E-4
7.650000E-1	1.271240E-4
7.700000E-1	1.321260E-4
7.750000E-1	1.372150E-4
7.800000E-1	1.423890E-4
7.850000E-1	1.476740E-4
7.900000E-1	1.530500E-4
7.950000E-1	1.584960E-4
8.000000E-1	1.640050E-4
