Voltage [V]	Current [A]
-2.000000E-1	-2.075370E-7
-1.950000E-1	-2.109390E-7
-1.900000E-1	-2.038990E-7
-1.850000E-1	-1.963680E-7
-1.800000E-1	-1.897690E-7
-1.750000E-1	-1.839230E-7
-1.700000E-1	-1.423460E-7
-1.650000E-1	-1.397950E-7
-1.600000E-1	-1.392520E-7
-1.550000E-1	-1.369660E-7
-1.500000E-1	-1.278070E-7
-1.450000E-1	-1.241230E-7
-1.400000E-1	-1.219320E-7
-1.350000E-1	-1.141410E-7
-1.300000E-1	-1.068670E-7
-1.250000E-1	-1.037180E-7
-1.200000E-1	-2.071050E-8
-1.150000E-1	-1.920580E-8
-1.100000E-1	-1.705320E-8
-1.050000E-1	-1.590420E-8
-1.000000E-1	-1.511460E-8
-9.500001E-2	-1.424150E-8
-9.000000E-2	-1.341420E-8
-8.500001E-2	-1.141640E-8
-8.000001E-2	-9.589470E-9
-7.500000E-2	-8.512570E-9
-7.000001E-2	-7.799220E-9
-6.500001E-2	-6.483960E-9
-6.000000E-2	-5.512850E-9
-5.500001E-2	-4.989310E-9
-5.000001E-2	-3.830920E-9
-4.500000E-2	-3.006630E-9
-4.000001E-2	-2.213040E-9
-3.500001E-2	-1.265740E-9
-3.000000E-2	-4.708890E-10
-2.500001E-2	4.084710E-10
-2.000001E-2	1.061560E-9
-1.500000E-2	2.065310E-9
-1.000001E-2	2.940540E-9
-5.000010E-3	3.892530E-9
-1.490116E-8	4.842080E-9
4.999995E-3	5.737010E-9
9.999990E-3	6.578850E-9
1.499999E-2	7.419970E-9
2.000000E-2	8.124720E-9
2.499999E-2	9.002300E-9
2.999999E-2	9.659150E-9
3.500000E-2	1.066020E-8
3.999999E-2	1.138800E-8
4.499999E-2	1.216860E-8
5.000000E-2	1.298020E-8
5.499999E-2	1.406900E-8
5.999999E-2	1.412370E-8
6.499998E-2	1.461550E-8
6.999998E-2	1.536440E-8
7.500000E-2	1.581150E-8
8.000000E-2	1.656460E-8
8.499999E-2	1.729400E-8
8.999999E-2	1.797930E-8
9.499998E-2	1.883430E-8
9.999998E-2	1.855340E-8
1.050000E-1	1.934150E-8
1.100000E-1	1.994200E-8
1.150000E-1	2.032980E-8
1.200000E-1	2.125970E-8
1.250000E-1	2.212250E-8
1.300000E-1	2.279930E-8
1.350000E-1	2.329110E-8
1.400000E-1	2.312490E-8
1.450000E-1	2.415420E-8
1.500000E-1	2.411600E-8
1.550000E-1	2.510780E-8
1.600000E-1	2.537730E-8
1.650000E-1	2.644940E-8
1.700000E-1	2.695900E-8
1.750000E-1	2.784800E-8
1.800000E-1	2.807930E-8
1.850000E-1	2.908350E-8
1.900000E-1	3.040570E-8
1.950000E-1	3.072720E-8
2.000000E-1	3.175750E-8
2.050000E-1	3.309500E-8
2.100000E-1	3.289470E-8
2.150000E-1	3.386070E-8
2.200000E-1	3.452910E-8
2.250000E-1	3.653080E-8
2.300000E-1	3.521790E-8
2.350000E-1	3.658550E-8
2.400000E-1	3.766580E-8
2.450000E-1	3.757130E-8
2.500000E-1	3.871560E-8
2.550000E-1	3.825990E-8
2.600000E-1	3.944740E-8
2.650000E-1	3.933030E-8
2.700000E-1	4.090590E-8
2.750000E-1	4.026370E-8
2.800000E-1	3.925520E-8
2.850000E-1	4.002290E-8
2.900000E-1	4.002440E-8
2.950000E-1	3.987860E-8
3.000000E-1	4.110780E-8
3.050000E-1	4.035740E-8
3.100000E-1	4.080540E-8
3.150000E-1	4.236300E-8
3.200000E-1	4.495440E-8
3.250000E-1	4.649100E-8
3.300000E-1	4.442410E-8
3.350000E-1	4.632600E-8
3.400000E-1	4.841150E-8
3.450000E-1	5.097460E-8
3.500000E-1	5.282710E-8
3.550000E-1	5.211380E-8
3.600000E-1	5.459140E-8
3.650000E-1	5.447860E-8
3.700000E-1	5.452410E-8
3.750000E-1	5.719480E-8
3.800000E-1	5.731540E-8
3.850000E-1	6.120150E-8
3.900000E-1	6.001080E-8
3.950000E-1	6.131820E-8
4.000000E-1	6.221330E-8
4.050000E-1	6.565930E-8
4.100000E-1	6.679550E-8
4.150000E-1	6.661800E-8
4.200000E-1	6.761400E-8
4.250000E-1	7.032130E-8
4.300000E-1	7.073050E-8
4.350000E-1	7.167610E-8
4.400000E-1	7.392790E-8
4.450000E-1	7.627980E-8
4.500000E-1	7.815920E-8
4.550000E-1	7.863830E-8
4.600000E-1	7.970910E-8
4.650000E-1	8.218620E-8
4.700000E-1	8.522710E-8
4.750000E-1	8.366510E-8
4.800000E-1	8.418480E-8
4.850000E-1	8.853670E-8
4.900000E-1	9.008700E-8
4.950000E-1	9.145230E-8
5.000000E-1	9.212530E-8
5.050000E-1	9.588240E-8
5.100000E-1	9.764940E-8
5.150000E-1	9.759690E-8
5.200000E-1	3.141610E-7
5.250000E-1	3.098470E-7
5.300000E-1	3.228600E-7
5.350000E-1	3.259150E-7
5.400000E-1	3.437410E-7
5.450000E-1	3.366110E-7
5.500000E-1	3.326510E-7
5.550000E-1	3.438140E-7
5.600000E-1	3.530010E-7
5.650000E-1	3.599310E-7
5.700000E-1	3.816470E-7
5.750000E-1	3.820660E-7
5.800000E-1	3.953890E-7
5.850000E-1	4.134460E-7
5.900000E-1	4.104410E-7
5.950000E-1	4.085140E-7
6.000000E-1	4.156820E-7
6.050000E-1	4.248870E-7
6.100000E-1	4.313900E-7
6.150000E-1	4.513760E-7
6.200000E-1	4.727000E-7
6.250000E-1	1.589780E-6
6.300000E-1	1.709640E-6
6.350000E-1	1.690980E-6
6.400000E-1	1.798400E-6
6.450000E-1	1.625190E-6
6.500000E-1	1.358350E-6
6.550000E-1	1.717590E-6
6.600000E-1	8.699910E-7
6.650000E-1	1.250500E-6
6.700000E-1	5.536050E-7
6.750000E-1	5.629930E-7
6.800000E-1	1.376920E-6
6.850000E-1	1.151540E-6
6.900000E-1	1.213710E-6
6.950000E-1	2.040460E-6
7.000000E-1	8.987590E-7
7.050000E-1	8.213670E-7
7.100000E-1	9.710630E-7
7.150000E-1	1.220170E-6
7.200000E-1	2.169040E-6
7.250000E-1	2.077600E-6
7.300000E-1	2.124800E-6
7.350000E-1	2.139700E-6
7.400000E-1	2.562120E-6
7.450000E-1	2.615240E-6
7.500000E-1	2.847090E-6
7.550000E-1	2.769520E-6
7.600000E-1	2.733360E-6
7.650000E-1	2.934300E-6
7.700000E-1	2.819180E-6
7.750000E-1	2.776470E-6
7.800000E-1	2.949440E-6
7.850000E-1	2.717400E-6
7.900000E-1	2.970980E-6
7.950000E-1	2.511970E-6
8.000000E-1	1.639280E-6
