Voltage [V]	Current [A]
-2.000000E-1	-1.074340E-5
-1.950000E-1	-1.069230E-5
-1.900000E-1	-1.066620E-5
-1.850000E-1	-1.062840E-5
-1.800000E-1	-1.061040E-5
-1.750000E-1	-1.057220E-5
-1.700000E-1	-1.053940E-5
-1.650000E-1	-1.050660E-5
-1.600000E-1	-1.047930E-5
-1.550000E-1	-1.045530E-5
-1.500000E-1	-1.042620E-5
-1.450000E-1	-1.040090E-5
-1.400000E-1	-1.037470E-5
-1.350000E-1	-1.034530E-5
-1.300000E-1	-1.028860E-5
-1.250000E-1	-1.026010E-5
-1.200000E-1	-1.023440E-5
-1.150000E-1	-1.020410E-5
-1.100000E-1	-1.016350E-5
-1.050000E-1	-1.013430E-5
-1.000000E-1	-1.010450E-5
-9.500001E-2	-1.006400E-5
-9.000000E-2	-1.002070E-5
-8.500001E-2	-9.986580E-6
-8.000001E-2	-9.943840E-6
-7.500000E-2	-9.915500E-6
-7.000001E-2	-9.874600E-6
-6.500001E-2	-9.861240E-6
-6.000000E-2	-9.811500E-6
-5.500001E-2	-9.780250E-6
-5.000001E-2	-9.727880E-6
-4.500000E-2	-9.685090E-6
-4.000001E-2	-9.657220E-6
-3.500001E-2	-9.626900E-6
-3.000000E-2	-9.575110E-6
-2.500001E-2	-9.537010E-6
-2.000001E-2	-9.484980E-6
-1.500000E-2	-9.449000E-6
-1.000001E-2	-9.395320E-6
-5.000010E-3	-9.354000E-6
-1.490116E-8	-9.300510E-6
4.999995E-3	-9.255150E-6
9.999990E-3	-9.224750E-6
1.499999E-2	-9.165490E-6
2.000000E-2	-9.127560E-6
2.499999E-2	-9.074180E-6
2.999999E-2	-9.008340E-6
3.500000E-2	-8.961070E-6
3.999999E-2	-8.911650E-6
4.499999E-2	-8.863560E-6
5.000000E-2	-8.815450E-6
5.499999E-2	-8.745790E-6
5.999999E-2	-8.688500E-6
6.499998E-2	-8.646030E-6
6.999998E-2	-8.609240E-6
7.500000E-2	-8.530130E-6
8.000000E-2	-8.471610E-6
8.499999E-2	-8.400010E-6
8.999999E-2	-8.340890E-6
9.499998E-2	-8.268900E-6
9.999998E-2	-8.195030E-6
1.050000E-1	-8.129130E-6
1.100000E-1	-8.054860E-6
1.150000E-1	-8.004370E-6
1.200000E-1	-7.929190E-6
1.250000E-1	-7.852140E-6
1.300000E-1	-7.777910E-6
1.350000E-1	-7.696910E-6
1.400000E-1	-7.627190E-6
1.450000E-1	-7.526880E-6
1.500000E-1	-7.450540E-6
1.550000E-1	-7.370870E-6
1.600000E-1	-7.277970E-6
1.650000E-1	-7.195990E-6
1.700000E-1	-7.097160E-6
1.750000E-1	-6.994330E-6
1.800000E-1	-6.920560E-6
1.850000E-1	-6.796350E-6
1.900000E-1	-6.714710E-6
1.950000E-1	-6.606650E-6
2.000000E-1	-6.509700E-6
2.050000E-1	-6.404880E-6
2.100000E-1	-6.302820E-6
2.150000E-1	-6.198020E-6
2.200000E-1	-6.091630E-6
2.250000E-1	-5.980550E-6
2.300000E-1	-5.883150E-6
2.350000E-1	-5.765250E-6
2.400000E-1	-5.649340E-6
2.450000E-1	-5.526760E-6
2.500000E-1	-5.416700E-6
2.550000E-1	-5.302670E-6
2.600000E-1	-5.183610E-6
2.650000E-1	-5.073810E-6
2.700000E-1	-4.946270E-6
2.750000E-1	-4.814090E-6
2.800000E-1	-4.685600E-6
2.850000E-1	-4.572630E-6
2.900000E-1	-4.447630E-6
2.950000E-1	-4.314660E-6
3.000000E-1	-4.200680E-6
3.050000E-1	-4.068740E-6
3.100000E-1	-3.932410E-6
3.150000E-1	-3.794430E-6
3.200000E-1	-3.663750E-6
3.250000E-1	-3.521160E-6
3.300000E-1	-3.392710E-6
3.350000E-1	-3.255380E-6
3.400000E-1	-3.111820E-6
3.450000E-1	-2.971190E-6
3.500000E-1	-2.829620E-6
3.550000E-1	-2.687520E-6
3.600000E-1	-2.547270E-6
3.650000E-1	-2.402510E-6
3.700000E-1	-2.259930E-6
3.750000E-1	-2.118630E-6
3.800000E-1	-1.971000E-6
3.850000E-1	-1.814690E-6
3.900000E-1	-1.663680E-6
3.950000E-1	-1.513370E-6
4.000000E-1	-1.359630E-6
4.050000E-1	-1.201570E-6
4.100000E-1	-1.037600E-6
4.150000E-1	-8.736550E-7
4.200000E-1	-7.063280E-7
4.250000E-1	-5.355660E-7
4.300000E-1	-3.550080E-7
4.350000E-1	-1.757140E-7
4.400000E-1	6.164240E-9
4.450000E-1	8.442640E-8
4.500000E-1	4.128590E-7
4.550000E-1	6.084050E-7
4.600000E-1	8.258030E-7
4.650000E-1	1.047050E-6
4.700000E-1	1.279130E-6
4.750000E-1	1.525950E-6
4.800000E-1	1.780810E-6
4.850000E-1	2.050770E-6
4.900000E-1	2.331980E-6
4.950000E-1	2.629790E-6
5.000000E-1	2.941760E-6
5.050000E-1	3.274330E-6
5.100000E-1	3.629670E-6
5.150000E-1	3.996080E-6
5.200000E-1	4.395100E-6
5.250000E-1	4.815490E-6
5.300000E-1	5.262950E-6
5.350000E-1	5.739480E-6
5.400000E-1	6.241900E-6
5.450000E-1	6.783820E-6
5.500000E-1	7.365310E-6
5.550000E-1	7.979710E-6
5.600000E-1	8.635940E-6
5.650000E-1	9.339440E-6
5.700000E-1	1.008960E-5
5.750000E-1	1.087790E-5
5.800000E-1	1.173610E-5
5.850000E-1	1.263450E-5
5.900000E-1	1.358990E-5
5.950000E-1	1.460760E-5
6.000000E-1	1.569190E-5
6.050000E-1	1.684360E-5
6.100000E-1	1.807550E-5
6.150000E-1	1.935830E-5
6.200000E-1	2.073350E-5
6.250000E-1	2.219680E-5
6.300000E-1	2.373630E-5
6.350000E-1	2.536350E-5
6.400000E-1	2.707840E-5
6.450000E-1	2.887870E-5
6.500000E-1	3.079510E-5
6.550000E-1	3.280090E-5
6.600000E-1	3.489320E-5
6.650000E-1	3.712290E-5
6.700000E-1	3.943080E-5
6.750000E-1	4.186100E-5
6.800000E-1	4.439850E-5
6.850000E-1	4.705360E-5
6.900000E-1	4.981970E-5
6.950000E-1	5.271860E-5
7.000000E-1	5.572300E-5
7.050000E-1	5.883550E-5
7.100000E-1	6.206330E-5
7.150000E-1	6.544190E-5
7.200000E-1	6.893690E-5
7.250000E-1	7.254590E-5
7.300000E-1	7.628800E-5
7.350000E-1	8.017420E-5
7.400000E-1	8.417590E-5
7.450000E-1	8.829460E-5
7.500000E-1	9.253270E-5
7.550000E-1	9.689570E-5
7.600000E-1	1.013850E-4
7.650000E-1	1.059980E-4
7.700000E-1	1.107110E-4
7.750000E-1	1.155740E-4
7.800000E-1	1.205470E-4
7.850000E-1	1.256540E-4
7.900000E-1	1.308620E-4
7.950000E-1	1.361760E-4
8.000000E-1	1.416050E-4
