Voltage [V]	Current [A]
-2.000000E-1	-4.235990E-4
-1.950000E-1	-4.129670E-4
-1.900000E-1	-4.025320E-4
-1.850000E-1	-3.918150E-4
-1.800000E-1	-3.813200E-4
-1.750000E-1	-3.707940E-4
-1.700000E-1	-3.602360E-4
-1.650000E-1	-3.498000E-4
-1.600000E-1	-3.391140E-4
-1.550000E-1	-3.285510E-4
-1.500000E-1	-3.179500E-4
-1.450000E-1	-3.075060E-4
-1.400000E-1	-2.968720E-4
-1.350000E-1	-2.862170E-4
-1.300000E-1	-2.756010E-4
-1.250000E-1	-2.648950E-4
-1.200000E-1	-2.543620E-4
-1.150000E-1	-2.437480E-4
-1.100000E-1	-2.331240E-4
-1.050000E-1	-2.224920E-4
-1.000000E-1	-2.119080E-4
-9.500001E-2	-2.013260E-4
-9.000000E-2	-1.907760E-4
-8.500001E-2	-1.802390E-4
-8.000001E-2	-1.696470E-4
-7.500000E-2	-1.590390E-4
-7.000001E-2	-1.484970E-4
-6.500001E-2	-1.378850E-4
-6.000000E-2	-1.272630E-4
-5.500001E-2	-1.167010E-4
-5.000001E-2	-1.061520E-4
-4.500000E-2	-9.559780E-5
-4.000001E-2	-8.501690E-5
-3.500001E-2	-7.447240E-5
-3.000000E-2	-6.387970E-5
-2.500001E-2	-5.328140E-5
-2.000001E-2	-4.268770E-5
-1.500000E-2	-3.208990E-5
-1.000001E-2	-2.148650E-5
-5.000010E-3	-1.090170E-5
-1.490116E-8	-3.258590E-7
4.999995E-3	1.018640E-5
9.999990E-3	2.076870E-5
1.499999E-2	3.134360E-5
2.000000E-2	4.193040E-5
2.499999E-2	5.248330E-5
2.999999E-2	6.306520E-5
3.500000E-2	7.362520E-5
3.999999E-2	8.424650E-5
4.499999E-2	9.480730E-5
5.000000E-2	1.053080E-4
5.499999E-2	1.159300E-4
5.999999E-2	1.265260E-4
6.499998E-2	1.370870E-4
6.999998E-2	1.476240E-4
7.500000E-2	1.580760E-4
8.000000E-2	1.685930E-4
8.499999E-2	1.791280E-4
8.999999E-2	1.897790E-4
9.499998E-2	2.003230E-4
9.999998E-2	2.106580E-4
1.050000E-1	2.211770E-4
1.100000E-1	2.318570E-4
1.150000E-1	2.424140E-4
1.200000E-1	2.529410E-4
1.250000E-1	2.635140E-4
1.300000E-1	2.739830E-4
1.350000E-1	2.845550E-4
1.400000E-1	2.951620E-4
1.450000E-1	3.056110E-4
1.500000E-1	3.163260E-4
1.550000E-1	3.267710E-4
1.600000E-1	3.375530E-4
1.650000E-1	3.479840E-4
1.700000E-1	3.585600E-4
1.750000E-1	3.692080E-4
1.800000E-1	3.796560E-4
1.850000E-1	3.901030E-4
1.900000E-1	4.006170E-4
1.950000E-1	4.111640E-4
2.000000E-1	4.216240E-4
2.050000E-1	4.319470E-4
2.100000E-1	4.423860E-4
2.150000E-1	4.531930E-4
2.200000E-1	4.635510E-4
2.250000E-1	4.739720E-4
2.300000E-1	4.845590E-4
2.350000E-1	4.950160E-4
2.400000E-1	5.055490E-4
2.450000E-1	5.162420E-4
2.500000E-1	5.268380E-4
2.550000E-1	5.376350E-4
2.600000E-1	5.482530E-4
2.650000E-1	5.588230E-4
2.700000E-1	5.690670E-4
2.750000E-1	5.794440E-4
2.800000E-1	5.901950E-4
2.850000E-1	6.006470E-4
2.900000E-1	6.110970E-4
2.950000E-1	6.218730E-4
3.000000E-1	6.320490E-4
3.050000E-1	6.427750E-4
3.100000E-1	6.528000E-4
3.150000E-1	6.631800E-4
3.200000E-1	6.736340E-4
3.250000E-1	6.841880E-4
3.300000E-1	6.946910E-4
3.350000E-1	7.053400E-4
3.400000E-1	7.160050E-4
3.450000E-1	7.262770E-4
3.500000E-1	7.367120E-4
3.550000E-1	7.473880E-4
3.600000E-1	7.582670E-4
3.650000E-1	7.688520E-4
3.700000E-1	7.796600E-4
3.750000E-1	7.896860E-4
3.800000E-1	7.999220E-4
3.850000E-1	8.107230E-4
3.900000E-1	8.212740E-4
3.950000E-1	8.317910E-4
4.000000E-1	8.423350E-4
4.050000E-1	8.524770E-4
4.100000E-1	8.634070E-4
4.150000E-1	8.736750E-4
4.200000E-1	8.840600E-4
4.250000E-1	8.939240E-4
4.300000E-1	9.044380E-4
4.350000E-1	9.151590E-4
4.400000E-1	9.255110E-4
4.450000E-1	9.361700E-4
4.500000E-1	9.464360E-4
4.550000E-1	9.574540E-4
4.600000E-1	9.680620E-4
4.650000E-1	9.785320E-4
4.700000E-1	9.889400E-4
4.750000E-1	9.987690E-4
4.800000E-1	1.011140E-3
4.850000E-1	1.021230E-3
4.900000E-1	1.031580E-3
4.950000E-1	1.041730E-3
5.000000E-1	1.052210E-3
5.050000E-1	1.062620E-3
5.100000E-1	1.073110E-3
5.150000E-1	1.083300E-3
5.200000E-1	1.094000E-3
5.250000E-1	1.104200E-3
5.300000E-1	1.114750E-3
5.350000E-1	1.125490E-3
5.400000E-1	1.136240E-3
5.450000E-1	1.146990E-3
5.500000E-1	1.157660E-3
5.550000E-1	1.167210E-3
5.600000E-1	1.177480E-3
5.650000E-1	1.188040E-3
5.700000E-1	1.198270E-3
5.750000E-1	1.209290E-3
5.800000E-1	1.220400E-3
5.850000E-1	1.231040E-3
5.900000E-1	1.241880E-3
5.950000E-1	1.251920E-3
6.000000E-1	1.261790E-3
6.050000E-1	1.272700E-3
6.100000E-1	1.283750E-3
6.150000E-1	1.294110E-3
6.200000E-1	1.304370E-3
6.250000E-1	1.314200E-3
6.300000E-1	1.324840E-3
6.350000E-1	1.335570E-3
6.400000E-1	1.345960E-3
6.450000E-1	1.356220E-3
6.500000E-1	1.367280E-3
6.550000E-1	1.377640E-3
6.600000E-1	1.388440E-3
6.650000E-1	1.398880E-3
6.700000E-1	1.408640E-3
6.750000E-1	1.418770E-3
6.800000E-1	1.427600E-3
6.850000E-1	1.438470E-3
6.900000E-1	1.448900E-3
6.950000E-1	1.459190E-3
7.000000E-1	1.469830E-3
7.050000E-1	1.479960E-3
7.100000E-1	1.490350E-3
7.150000E-1	1.500580E-3
7.200000E-1	1.511390E-3
7.250000E-1	1.522020E-3
7.300000E-1	1.531440E-3
7.350000E-1	1.541860E-3
7.400000E-1	1.552670E-3
7.450000E-1	1.562710E-3
7.500000E-1	1.571940E-3
7.550000E-1	1.582940E-3
7.600000E-1	1.593120E-3
7.650000E-1	1.604150E-3
7.700000E-1	1.613930E-3
7.750000E-1	1.624940E-3
7.800000E-1	1.634970E-3
7.850000E-1	1.645310E-3
7.900000E-1	1.655040E-3
7.950000E-1	1.665630E-3
8.000000E-1	1.675650E-3
