Voltage [V]	Current [A]
-2.000000E-1	-5.373400E-4
-1.950000E-1	-5.239740E-4
-1.900000E-1	-5.106530E-4
-1.850000E-1	-4.972540E-4
-1.800000E-1	-4.837250E-4
-1.750000E-1	-4.702520E-4
-1.700000E-1	-4.568640E-4
-1.650000E-1	-4.434270E-4
-1.600000E-1	-4.300170E-4
-1.550000E-1	-4.166720E-4
-1.500000E-1	-4.032490E-4
-1.450000E-1	-3.898150E-4
-1.400000E-1	-3.763090E-4
-1.350000E-1	-3.629020E-4
-1.300000E-1	-3.495030E-4
-1.250000E-1	-3.360370E-4
-1.200000E-1	-3.226550E-4
-1.150000E-1	-3.092070E-4
-1.100000E-1	-2.957230E-4
-1.050000E-1	-2.823580E-4
-1.000000E-1	-2.690090E-4
-9.500001E-2	-2.555250E-4
-9.000000E-2	-2.420640E-4
-8.500001E-2	-2.286710E-4
-8.000001E-2	-2.152820E-4
-7.500000E-2	-2.018440E-4
-7.000001E-2	-1.883870E-4
-6.500001E-2	-1.749390E-4
-6.000000E-2	-1.615200E-4
-5.500001E-2	-1.481330E-4
-5.000001E-2	-1.346960E-4
-4.500000E-2	-1.212750E-4
-4.000001E-2	-1.078650E-4
-3.500001E-2	-9.444310E-5
-3.000000E-2	-8.102830E-5
-2.500001E-2	-6.760990E-5
-2.000001E-2	-5.418390E-5
-1.500000E-2	-4.075950E-5
-1.000001E-2	-2.734000E-5
-5.000010E-3	-1.391660E-5
-1.490116E-8	-4.945010E-7
4.999995E-3	1.281740E-5
9.999990E-3	2.624300E-5
1.499999E-2	3.966670E-5
2.000000E-2	5.307520E-5
2.499999E-2	6.649360E-5
2.999999E-2	7.990810E-5
3.500000E-2	9.330380E-5
3.999999E-2	1.067160E-4
4.499999E-2	1.201510E-4
5.000000E-2	1.335540E-4
5.499999E-2	1.469410E-4
5.999999E-2	1.603740E-4
6.499998E-2	1.737740E-4
6.999998E-2	1.871970E-4
7.500000E-2	2.006050E-4
8.000000E-2	2.140380E-4
8.499999E-2	2.274350E-4
8.999999E-2	2.407990E-4
9.499998E-2	2.542030E-4
9.999998E-2	2.675880E-4
1.050000E-1	2.809600E-4
1.100000E-1	2.944710E-4
1.150000E-1	3.078780E-4
1.200000E-1	3.212640E-4
1.250000E-1	3.345980E-4
1.300000E-1	3.480650E-4
1.350000E-1	3.614090E-4
1.400000E-1	3.747350E-4
1.450000E-1	3.882040E-4
1.500000E-1	4.015720E-4
1.550000E-1	4.149630E-4
1.600000E-1	4.284280E-4
1.650000E-1	4.418340E-4
1.700000E-1	4.552600E-4
1.750000E-1	4.686760E-4
1.800000E-1	4.820690E-4
1.850000E-1	4.955250E-4
1.900000E-1	5.087870E-4
1.950000E-1	5.221200E-4
2.000000E-1	5.355970E-4
2.050000E-1	5.490240E-4
2.100000E-1	5.624950E-4
2.150000E-1	5.757580E-4
2.200000E-1	5.891640E-4
2.250000E-1	6.024810E-4
2.300000E-1	6.158990E-4
2.350000E-1	6.293000E-4
2.400000E-1	6.426970E-4
2.450000E-1	6.560790E-4
2.500000E-1	6.695190E-4
2.550000E-1	6.829340E-4
2.600000E-1	6.963270E-4
2.650000E-1	7.096260E-4
2.700000E-1	7.230460E-4
2.750000E-1	7.365000E-4
2.800000E-1	7.497940E-4
2.850000E-1	7.632630E-4
2.900000E-1	7.768570E-4
2.950000E-1	7.901490E-4
3.000000E-1	8.035700E-4
3.050000E-1	8.169950E-4
3.100000E-1	8.303960E-4
3.150000E-1	8.438560E-4
3.200000E-1	8.573200E-4
3.250000E-1	8.707240E-4
3.300000E-1	8.839920E-4
3.350000E-1	8.973040E-4
3.400000E-1	9.106960E-4
3.450000E-1	9.239050E-4
3.500000E-1	9.372850E-4
3.550000E-1	9.506790E-4
3.600000E-1	9.643380E-4
3.650000E-1	9.777360E-4
3.700000E-1	9.910470E-4
3.750000E-1	1.006290E-3
3.800000E-1	1.019640E-3
3.850000E-1	1.032950E-3
3.900000E-1	1.046220E-3
3.950000E-1	1.059680E-3
4.000000E-1	1.073100E-3
4.050000E-1	1.086280E-3
4.100000E-1	1.099770E-3
4.150000E-1	1.113070E-3
4.200000E-1	1.126570E-3
4.250000E-1	1.139950E-3
4.300000E-1	1.153510E-3
4.350000E-1	1.166770E-3
4.400000E-1	1.179960E-3
4.450000E-1	1.193380E-3
4.500000E-1	1.206650E-3
4.550000E-1	1.219920E-3
4.600000E-1	1.233520E-3
4.650000E-1	1.246910E-3
4.700000E-1	1.260370E-3
4.750000E-1	1.273770E-3
4.800000E-1	1.287050E-3
4.850000E-1	1.300040E-3
4.900000E-1	1.313600E-3
4.950000E-1	1.327120E-3
5.000000E-1	1.340630E-3
5.050000E-1	1.353920E-3
5.100000E-1	1.367200E-3
5.150000E-1	1.380580E-3
5.200000E-1	1.394140E-3
5.250000E-1	1.407580E-3
5.300000E-1	1.420830E-3
5.350000E-1	1.434040E-3
5.400000E-1	1.447760E-3
5.450000E-1	1.460890E-3
5.500000E-1	1.473970E-3
5.550000E-1	1.487310E-3
5.600000E-1	1.501000E-3
5.650000E-1	1.514390E-3
5.700000E-1	1.527550E-3
5.750000E-1	1.540920E-3
5.800000E-1	1.554120E-3
5.850000E-1	1.567390E-3
5.900000E-1	1.580810E-3
5.950000E-1	1.594020E-3
6.000000E-1	1.607500E-3
6.050000E-1	1.620610E-3
6.100000E-1	1.633950E-3
6.150000E-1	1.647440E-3
6.200000E-1	1.660790E-3
6.250000E-1	1.674050E-3
6.300000E-1	1.687480E-3
6.350000E-1	1.700790E-3
6.400000E-1	1.714270E-3
6.450000E-1	1.727590E-3
6.500000E-1	1.740550E-3
6.550000E-1	1.753990E-3
6.600000E-1	1.767390E-3
6.650000E-1	1.780970E-3
6.700000E-1	1.794020E-3
6.750000E-1	1.807320E-3
6.800000E-1	1.820970E-3
6.850000E-1	1.834710E-3
6.900000E-1	1.847620E-3
6.950000E-1	1.861010E-3
7.000000E-1	1.874240E-3
7.050000E-1	1.887380E-3
7.100000E-1	1.900450E-3
7.150000E-1	1.913850E-3
7.200000E-1	1.927200E-3
7.250000E-1	1.940640E-3
7.300000E-1	1.953720E-3
7.350000E-1	1.967590E-3
7.400000E-1	1.980750E-3
7.450000E-1	1.994640E-3
7.500000E-1	2.007980E-3
7.550000E-1	2.021180E-3
7.600000E-1	2.034350E-3
7.650000E-1	2.047690E-3
7.700000E-1	2.060960E-3
7.750000E-1	2.074340E-3
7.800000E-1	2.087440E-3
7.850000E-1	2.101150E-3
7.900000E-1	2.114150E-3
7.950000E-1	2.127680E-3
8.000000E-1	2.140720E-3
