Voltage [V]	Current [A]
-2.000000E-1	-2.908570E-5
-1.950000E-1	-2.894170E-5
-1.900000E-1	-2.883910E-5
-1.850000E-1	-2.856400E-5
-1.800000E-1	-2.828720E-5
-1.750000E-1	-2.771920E-5
-1.700000E-1	-2.722070E-5
-1.650000E-1	-2.720990E-5
-1.600000E-1	-2.656400E-5
-1.550000E-1	-2.579380E-5
-1.500000E-1	-2.515950E-5
-1.450000E-1	-2.473330E-5
-1.400000E-1	-2.414590E-5
-1.350000E-1	-2.377270E-5
-1.300000E-1	-2.337780E-5
-1.250000E-1	-2.307440E-5
-1.200000E-1	-2.262550E-5
-1.150000E-1	-2.216610E-5
-1.100000E-1	-2.146290E-5
-1.050000E-1	-2.114100E-5
-1.000000E-1	-2.040360E-5
-9.500001E-2	-1.989970E-5
-9.000000E-2	-1.955520E-5
-8.500001E-2	-1.935100E-5
-8.000001E-2	-1.888580E-5
-7.500000E-2	-1.843780E-5
-7.000001E-2	-1.779670E-5
-6.500001E-2	-1.743280E-5
-6.000000E-2	-1.706590E-5
-5.500001E-2	-1.669390E-5
-5.000001E-2	-1.623620E-5
-4.500000E-2	-1.579400E-5
-4.000001E-2	-1.517830E-5
-3.500001E-2	-1.483960E-5
-3.000000E-2	-1.436370E-5
-2.500001E-2	-1.389390E-5
-2.000001E-2	-1.356050E-5
-1.500000E-2	-1.316570E-5
-1.000001E-2	-1.270300E-5
-5.000010E-3	-1.228300E-5
-1.490116E-8	-1.182980E-5
4.999995E-3	-1.135800E-5
9.999990E-3	-1.092510E-5
1.499999E-2	-1.043960E-5
2.000000E-2	-1.006800E-5
2.499999E-2	-9.594130E-6
2.999999E-2	-9.106490E-6
3.500000E-2	-8.716510E-6
3.999999E-2	-8.161400E-6
4.499999E-2	-7.770850E-6
5.000000E-2	-7.225360E-6
5.499999E-2	-7.237990E-6
5.999999E-2	-7.103900E-6
6.499998E-2	-6.566450E-6
6.999998E-2	-6.456250E-6
7.500000E-2	-5.843430E-6
8.000000E-2	-5.320960E-6
8.499999E-2	-4.960730E-6
8.999999E-2	-4.233540E-6
9.499998E-2	-3.698410E-6
9.999998E-2	-3.456060E-6
1.050000E-1	-2.937590E-6
1.100000E-1	-2.383260E-6
1.150000E-1	-1.803780E-6
1.200000E-1	-1.527750E-6
1.250000E-1	-9.601830E-7
1.300000E-1	-3.376880E-7
1.350000E-1	9.246110E-7
1.400000E-1	6.412470E-7
1.450000E-1	9.800210E-7
1.500000E-1	1.049860E-6
1.550000E-1	1.445440E-6
1.600000E-1	2.150540E-6
1.650000E-1	3.148200E-6
1.700000E-1	3.501240E-6
1.750000E-1	3.873330E-6
1.800000E-1	4.548110E-6
1.850000E-1	5.258890E-6
1.900000E-1	4.849900E-6
1.950000E-1	5.746490E-6
2.000000E-1	6.319900E-6
2.050000E-1	6.400330E-6
2.100000E-1	7.399160E-6
2.150000E-1	8.012630E-6
2.200000E-1	8.854950E-6
2.250000E-1	9.214320E-6
2.300000E-1	9.412420E-6
2.350000E-1	9.883050E-6
2.400000E-1	1.087840E-5
2.450000E-1	1.140220E-5
2.500000E-1	1.174610E-5
2.550000E-1	1.223940E-5
2.600000E-1	1.299940E-5
2.650000E-1	1.320520E-5
2.700000E-1	1.359990E-5
2.750000E-1	1.381830E-5
2.800000E-1	1.496470E-5
2.850000E-1	1.564370E-5
2.900000E-1	1.611350E-5
2.950000E-1	1.653050E-5
3.000000E-1	1.810520E-5
3.050000E-1	1.819120E-5
3.100000E-1	1.828740E-5
3.150000E-1	1.915960E-5
3.200000E-1	1.969610E-5
3.250000E-1	2.046070E-5
3.300000E-1	2.133660E-5
3.350000E-1	2.240020E-5
3.400000E-1	2.345940E-5
3.450000E-1	2.379490E-5
3.500000E-1	2.436860E-5
3.550000E-1	2.467210E-5
3.600000E-1	2.536450E-5
3.650000E-1	2.607150E-5
3.700000E-1	2.644460E-5
3.750000E-1	2.732810E-5
3.800000E-1	2.759290E-5
3.850000E-1	2.737230E-5
3.900000E-1	2.854740E-5
3.950000E-1	2.866570E-5
4.000000E-1	2.974780E-5
4.050000E-1	3.056190E-5
4.100000E-1	3.176660E-5
4.150000E-1	3.078420E-5
4.200000E-1	3.181680E-5
4.250000E-1	3.232020E-5
4.300000E-1	3.213710E-5
4.350000E-1	3.291130E-5
4.400000E-1	3.349810E-5
4.450000E-1	3.388430E-5
4.500000E-1	3.485720E-5
4.550000E-1	3.637010E-5
4.600000E-1	3.573650E-5
4.650000E-1	3.626760E-5
4.700000E-1	3.698510E-5
4.750000E-1	3.722070E-5
4.800000E-1	3.838640E-5
4.850000E-1	3.910680E-5
4.900000E-1	3.853290E-5
4.950000E-1	4.051770E-5
5.000000E-1	4.097800E-5
5.050000E-1	4.096250E-5
5.100000E-1	4.258480E-5
5.150000E-1	4.478850E-5
5.200000E-1	4.460350E-5
5.250000E-1	4.659050E-5
5.300000E-1	4.698430E-5
5.350000E-1	4.787970E-5
5.400000E-1	4.945140E-5
5.450000E-1	4.760630E-5
5.500000E-1	4.933190E-5
5.550000E-1	5.058290E-5
5.600000E-1	5.118570E-5
5.650000E-1	5.168240E-5
5.700000E-1	5.423760E-5
5.750000E-1	5.631440E-5
5.800000E-1	5.606830E-5
5.850000E-1	5.690580E-5
5.900000E-1	5.848490E-5
5.950000E-1	5.916770E-5
6.000000E-1	6.022310E-5
6.050000E-1	5.913530E-5
6.100000E-1	5.900130E-5
6.150000E-1	6.175590E-5
6.200000E-1	6.323130E-5
6.250000E-1	6.530240E-5
6.300000E-1	6.690780E-5
6.350000E-1	6.823330E-5
6.400000E-1	7.100390E-5
6.450000E-1	7.171180E-5
6.500000E-1	7.527760E-5
6.550000E-1	7.662860E-5
6.600000E-1	7.741350E-5
6.650000E-1	8.043240E-5
6.700000E-1	8.352640E-5
6.750000E-1	8.609060E-5
6.800000E-1	8.737800E-5
6.850000E-1	9.011900E-5
6.900000E-1	9.253970E-5
6.950000E-1	9.571290E-5
7.000000E-1	9.677830E-5
7.050000E-1	9.961910E-5
7.100000E-1	1.033180E-4
7.150000E-1	1.059050E-4
7.200000E-1	1.091320E-4
7.250000E-1	1.123000E-4
7.300000E-1	1.145340E-4
7.350000E-1	1.176900E-4
7.400000E-1	1.223650E-4
7.450000E-1	1.248250E-4
7.500000E-1	1.295980E-4
7.550000E-1	1.316820E-4
7.600000E-1	1.361030E-4
7.650000E-1	1.413970E-4
7.700000E-1	1.441080E-4
7.750000E-1	1.466740E-4
7.800000E-1	1.511670E-4
7.850000E-1	1.560920E-4
7.900000E-1	1.588610E-4
7.950000E-1	1.628180E-4
8.000000E-1	1.671470E-4
