Voltage [V]	Current [A]
-3.000000E-1	-8.130980E-9
-2.900000E-1	-7.307910E-9
-2.800000E-1	-6.811200E-9
-2.700000E-1	-6.286750E-9
-2.600000E-1	-5.890240E-9
-2.500000E-1	-5.452480E-9
-2.400000E-1	-5.156890E-9
-2.300000E-1	-4.733150E-9
-2.200000E-1	-4.278390E-9
-2.100000E-1	-3.903690E-9
-2.000000E-1	-3.590930E-9
-1.900000E-1	-3.062020E-9
-1.800000E-1	-3.365920E-9
-1.700000E-1	-2.800560E-9
-1.600000E-1	-2.562450E-9
-1.500000E-1	-2.221630E-9
-1.400000E-1	-2.012100E-9
-1.300000E-1	-1.820140E-9
-1.200000E-1	-1.602940E-9
-1.100000E-1	-1.422910E-9
-1.000000E-1	-1.224880E-9
-9.000002E-2	-1.034020E-9
-8.000001E-2	-8.487460E-10
-7.000002E-2	-6.752610E-10
-6.000002E-2	-4.893420E-10
-5.000001E-2	-2.931950E-10
-4.000002E-2	-1.158360E-10
-3.000003E-2	8.431670E-11
-2.000001E-2	2.864480E-10
-1.000002E-2	4.582170E-10
-2.980232E-8	6.780150E-10
9.999990E-3	8.450630E-10
1.999998E-2	1.100410E-9
2.999997E-2	1.331130E-9
3.999999E-2	1.601350E-9
4.999998E-2	1.880420E-9
5.999997E-2	2.152380E-9
6.999999E-2	2.461350E-9
7.999998E-2	2.784190E-9
8.999997E-2	3.145130E-9
9.999996E-2	3.444050E-9
1.100000E-1	3.853760E-9
1.200000E-1	4.294740E-9
1.300000E-1	4.732870E-9
1.400000E-1	5.255250E-9
1.500000E-1	5.838850E-9
1.600000E-1	6.385780E-9
1.700000E-1	6.923160E-9
1.800000E-1	7.578890E-9
1.900000E-1	8.289040E-9
2.000000E-1	8.963040E-9
2.100000E-1	9.764980E-9
2.200000E-1	1.062440E-8
2.300000E-1	1.148170E-8
2.399999E-1	1.241360E-8
2.500000E-1	1.334020E-8
2.600000E-1	1.436530E-8
2.700000E-1	1.546960E-8
2.800000E-1	1.662400E-8
2.900000E-1	1.798500E-8
3.000000E-1	1.926230E-8
3.100000E-1	2.076770E-8
3.200000E-1	2.228910E-8
3.300000E-1	2.398770E-8
3.400000E-1	2.575110E-8
3.500000E-1	2.773320E-8
3.600000E-1	3.268150E-8
3.699999E-1	3.530710E-8
3.800000E-1	3.829060E-8
3.900000E-1	4.120770E-8
4.000000E-1	4.456030E-8
4.100000E-1	4.686380E-8
4.200000E-1	4.925020E-8
4.299999E-1	5.164140E-8
4.400000E-1	5.459570E-8
4.500000E-1	5.725330E-8
4.600000E-1	6.032750E-8
4.700000E-1	6.339420E-8
4.800000E-1	6.622700E-8
4.899999E-1	7.027080E-8
4.999999E-1	7.410230E-8
5.100000E-1	7.796050E-8
5.200000E-1	8.185580E-8
5.300000E-1	8.630710E-8
5.400000E-1	9.092530E-8
5.500000E-1	9.606240E-8
5.599999E-1	1.415480E-7
5.700000E-1	1.487010E-7
5.800000E-1	1.616810E-7
5.900000E-1	1.759020E-7
6.000000E-1	1.915120E-7
6.100000E-1	2.093360E-7
6.199999E-1	2.286040E-7
6.300000E-1	2.503000E-7
6.400000E-1	2.747190E-7
6.500000E-1	3.023100E-7
6.600000E-1	3.332240E-7
6.700000E-1	3.670120E-7
6.799999E-1	4.057810E-7
6.899999E-1	4.479240E-7
7.000000E-1	4.980150E-7
7.100000E-1	5.535500E-7
7.200000E-1	6.156900E-7
7.300000E-1	6.860820E-7
7.399999E-1	7.651800E-7
7.499999E-1	8.541690E-7
7.599999E-1	9.540820E-7
7.699999E-1	1.066610E-6
7.799999E-1	1.192620E-6
7.900000E-1	1.332690E-6
8.000000E-1	1.489320E-6
8.100000E-1	1.661920E-6
8.200000E-1	1.854440E-6
8.300000E-1	2.065580E-6
8.400000E-1	2.297120E-6
8.500000E-1	2.551690E-6
8.600000E-1	2.831790E-6
8.699999E-1	3.134730E-6
8.799999E-1	3.464890E-6
8.899999E-1	3.823630E-6
8.999999E-1	4.211330E-6
9.099999E-1	4.630390E-6
9.200000E-1	5.081420E-6
9.300000E-1	5.572950E-6
9.400000E-1	6.095350E-6
9.500000E-1	6.655120E-6
9.600000E-1	7.253230E-6
9.700000E-1	7.891810E-6
9.800000E-1	8.573790E-6
9.899999E-1	9.300490E-6
9.999999E-1	1.008530E-5
