Voltage [V]	Current [A]
-3.000000E-1	-6.074640E-9
-2.900000E-1	-5.753270E-9
-2.800000E-1	-5.381490E-9
-2.700000E-1	-5.041830E-9
-2.600000E-1	-4.728950E-9
-2.500000E-1	-4.406080E-9
-2.400000E-1	-4.114260E-9
-2.300000E-1	-3.830400E-9
-2.200000E-1	-3.597040E-9
-2.100000E-1	-3.338460E-9
-2.000000E-1	-3.123950E-9
-1.900000E-1	-2.900770E-9
-1.800000E-1	-2.692570E-9
-1.700000E-1	-2.495010E-9
-1.600000E-1	-2.268390E-9
-1.500000E-1	-2.096060E-9
-1.400000E-1	-1.916710E-9
-1.300000E-1	-1.792290E-9
-1.200000E-1	-1.640160E-9
-1.100000E-1	-1.660340E-9
-1.000000E-1	-1.408400E-9
-9.000002E-2	-1.225220E-9
-8.000001E-2	-1.068630E-9
-7.000002E-2	-9.218930E-10
-6.000002E-2	-8.176800E-10
-5.000001E-2	-6.997820E-10
-4.000002E-2	-5.903480E-10
-3.000003E-2	-5.071280E-10
-2.000001E-2	-4.422780E-10
-1.000002E-2	-3.323440E-10
-2.980232E-8	-2.370600E-10
9.999990E-3	-1.398560E-10
1.999998E-2	-8.428100E-12
2.999997E-2	7.413630E-11
3.999999E-2	1.234530E-10
4.999998E-2	1.952170E-10
5.999997E-2	3.371240E-10
6.999999E-2	4.493240E-10
7.999998E-2	7.207510E-10
8.999997E-2	9.035940E-10
9.999996E-2	8.228780E-10
1.100000E-1	1.057740E-9
1.200000E-1	1.236870E-9
1.300000E-1	1.423690E-9
1.400000E-1	1.628520E-9
1.500000E-1	1.886000E-9
1.600000E-1	2.138470E-9
1.700000E-1	2.398560E-9
1.800000E-1	2.682920E-9
1.900000E-1	2.999080E-9
2.000000E-1	3.462550E-9
2.100000E-1	3.746020E-9
2.200000E-1	4.031790E-9
2.300000E-1	4.527990E-9
2.399999E-1	4.853900E-9
2.500000E-1	5.479790E-9
2.600000E-1	5.991910E-9
2.700000E-1	6.608700E-9
2.800000E-1	7.333930E-9
2.900000E-1	7.926210E-9
3.000000E-1	8.585690E-9
3.100000E-1	9.256210E-9
3.200000E-1	1.018220E-8
3.300000E-1	1.108630E-8
3.400000E-1	1.209620E-8
3.500000E-1	1.313460E-8
3.600000E-1	1.428270E-8
3.699999E-1	1.548360E-8
3.800000E-1	1.684400E-8
3.900000E-1	1.822480E-8
4.000000E-1	1.969800E-8
4.100000E-1	2.145040E-8
4.200000E-1	2.339920E-8
4.299999E-1	2.531320E-8
4.400000E-1	2.748540E-8
4.500000E-1	2.989330E-8
4.600000E-1	3.512320E-8
4.700000E-1	3.848430E-8
4.800000E-1	4.194750E-8
4.899999E-1	4.588980E-8
4.999999E-1	4.912820E-8
5.100000E-1	5.200990E-8
5.200000E-1	5.518430E-8
5.300000E-1	5.871330E-8
5.400000E-1	6.247060E-8
5.500000E-1	6.647990E-8
5.599999E-1	7.100260E-8
5.700000E-1	7.594480E-8
5.800000E-1	8.097260E-8
5.900000E-1	8.648500E-8
6.000000E-1	9.248860E-8
6.100000E-1	9.905710E-8
6.199999E-1	1.447200E-7
6.300000E-1	1.606980E-7
6.400000E-1	1.789420E-7
6.500000E-1	2.001270E-7
6.600000E-1	2.239590E-7
6.700000E-1	2.511200E-7
6.799999E-1	2.820780E-7
6.899999E-1	3.171950E-7
7.000000E-1	3.569430E-7
7.100000E-1	4.022550E-7
7.200000E-1	4.535990E-7
7.300000E-1	5.119050E-7
7.399999E-1	5.778340E-7
7.499999E-1	6.521460E-7
7.599999E-1	7.355780E-7
7.699999E-1	8.294550E-7
7.799999E-1	9.338750E-7
7.900000E-1	1.050370E-6
8.000000E-1	1.180260E-6
8.100000E-1	1.323290E-6
8.200000E-1	1.481690E-6
8.300000E-1	1.655800E-6
8.400000E-1	1.846760E-6
8.500000E-1	2.055430E-6
8.600000E-1	2.283460E-6
8.699999E-1	2.531690E-6
8.799999E-1	2.800880E-6
8.899999E-1	3.093370E-6
8.999999E-1	3.408760E-6
9.099999E-1	3.750240E-6
9.200000E-1	4.117510E-6
9.300000E-1	4.513270E-6
9.400000E-1	4.938980E-6
9.500000E-1	5.395620E-6
9.600000E-1	5.885150E-6
9.700000E-1	6.407350E-6
9.800000E-1	6.967210E-6
9.899999E-1	7.564760E-6
9.999999E-1	8.201690E-6
