Voltage [V]	Current [A]
-3.000000E-1	-1.044040E-5
-2.900000E-1	-1.030900E-5
-2.800000E-1	-1.021870E-5
-2.700000E-1	-1.011540E-5
-2.600000E-1	-1.001320E-5
-2.500000E-1	-9.946350E-6
-2.400000E-1	-9.865410E-6
-2.300000E-1	-9.763320E-6
-2.200000E-1	-9.681820E-6
-2.100000E-1	-9.579700E-6
-2.000000E-1	-9.506730E-6
-1.900000E-1	-9.437590E-6
-1.800000E-1	-9.360630E-6
-1.700000E-1	-9.293580E-6
-1.600000E-1	-9.195210E-6
-1.500000E-1	-9.127240E-6
-1.400000E-1	-9.024570E-6
-1.300000E-1	-8.929610E-6
-1.200000E-1	-8.830430E-6
-1.100000E-1	-8.744600E-6
-1.000000E-1	-8.666430E-6
-9.000002E-2	-8.559720E-6
-8.000001E-2	-8.466420E-6
-7.000002E-2	-8.391760E-6
-6.000002E-2	-8.297580E-6
-5.000001E-2	-8.220690E-6
-4.000002E-2	-8.123580E-6
-3.000003E-2	-8.056830E-6
-2.000001E-2	-7.983650E-6
-1.000002E-2	-7.887920E-6
-2.980232E-8	-7.793130E-6
9.999990E-3	-7.677800E-6
1.999998E-2	-7.601530E-6
2.999997E-2	-7.495390E-6
3.999999E-2	-7.406570E-6
4.999998E-2	-7.315470E-6
5.999997E-2	-7.241700E-6
6.999999E-2	-7.140160E-6
7.999998E-2	-7.053800E-6
8.999997E-2	-6.987850E-6
9.999996E-2	-6.882740E-6
1.100000E-1	-6.799440E-6
1.200000E-1	-6.698240E-6
1.300000E-1	-6.601040E-6
1.400000E-1	-6.497300E-6
1.500000E-1	-6.390840E-6
1.600000E-1	-6.316850E-6
1.700000E-1	-6.225620E-6
1.800000E-1	-6.139860E-6
1.900000E-1	-6.035950E-6
2.000000E-1	-5.932870E-6
2.100000E-1	-5.854190E-6
2.200000E-1	-5.761560E-6
2.300000E-1	-5.669690E-6
2.399999E-1	-5.559070E-6
2.500000E-1	-5.460730E-6
2.600000E-1	-5.361190E-6
2.700000E-1	-5.266780E-6
2.800000E-1	-5.177040E-6
2.900000E-1	-5.073130E-6
3.000000E-1	-4.983200E-6
3.100000E-1	-4.894240E-6
3.200000E-1	-4.792680E-6
3.300000E-1	-4.688170E-6
3.400000E-1	-4.582670E-6
3.500000E-1	-4.484200E-6
3.600000E-1	-4.384150E-6
3.699999E-1	-4.275190E-6
3.800000E-1	-4.169680E-6
3.900000E-1	-4.091750E-6
4.000000E-1	-3.980330E-6
4.100000E-1	-3.875450E-6
4.200000E-1	-3.771700E-6
4.299999E-1	-3.654050E-6
4.400000E-1	-3.549130E-6
4.500000E-1	-3.433220E-6
4.600000E-1	-3.327820E-6
4.700000E-1	-3.209550E-6
4.800000E-1	-3.100260E-6
4.899999E-1	-2.986400E-6
4.999999E-1	-2.868840E-6
5.100000E-1	-2.761320E-6
5.200000E-1	-2.644100E-6
5.300000E-1	-2.522440E-6
5.400000E-1	-2.402550E-6
5.500000E-1	-2.275120E-6
5.599999E-1	-2.148550E-6
5.700000E-1	-2.013570E-6
5.800000E-1	-1.876790E-6
5.900000E-1	-1.742730E-6
6.000000E-1	-1.604940E-6
6.100000E-1	-1.461520E-6
6.199999E-1	-1.314180E-6
6.300000E-1	-1.160840E-6
6.400000E-1	-1.004750E-6
6.500000E-1	-8.452910E-7
6.600000E-1	-6.813440E-7
6.700000E-1	-5.098260E-7
6.799999E-1	-3.360490E-7
6.899999E-1	-1.549260E-7
7.000000E-1	2.514040E-8
7.100000E-1	2.218840E-7
7.200000E-1	4.092010E-7
7.300000E-1	6.091220E-7
7.399999E-1	8.145050E-7
7.499999E-1	1.024860E-6
7.599999E-1	1.242240E-6
7.699999E-1	1.464040E-6
7.799999E-1	1.691940E-6
7.900000E-1	1.927110E-6
8.000000E-1	2.169710E-6
8.100000E-1	2.418870E-6
8.200000E-1	2.677210E-6
8.300000E-1	2.945920E-6
8.400000E-1	3.221240E-6
8.500000E-1	3.506790E-6
8.600000E-1	3.804220E-6
8.699999E-1	4.114510E-6
8.799999E-1	4.437000E-6
8.899999E-1	4.775420E-6
8.999999E-1	5.127980E-6
9.099999E-1	5.501500E-6
9.200000E-1	5.892790E-6
9.300000E-1	6.311850E-6
9.400000E-1	6.736420E-6
9.500000E-1	7.189190E-6
9.600000E-1	7.667140E-6
9.700000E-1	8.170550E-6
9.800000E-1	8.703900E-6
9.899999E-1	9.264650E-6
9.999999E-1	9.855270E-6
