Voltage [V]	Current [A]
-3.000000E-1	-3.388570E-5
-2.900000E-1	-3.354150E-5
-2.800000E-1	-3.338030E-5
-2.700000E-1	-3.301600E-5
-2.600000E-1	-3.270700E-5
-2.500000E-1	-3.239490E-5
-2.400000E-1	-3.208740E-5
-2.300000E-1	-3.181460E-5
-2.200000E-1	-3.146780E-5
-2.100000E-1	-3.120230E-5
-2.000000E-1	-3.086190E-5
-1.900000E-1	-3.063020E-5
-1.800000E-1	-3.033950E-5
-1.700000E-1	-3.002490E-5
-1.600000E-1	-2.976290E-5
-1.500000E-1	-2.946640E-5
-1.400000E-1	-2.912210E-5
-1.300000E-1	-2.878530E-5
-1.200000E-1	-2.848610E-5
-1.100000E-1	-2.820620E-5
-1.000000E-1	-2.790970E-5
-9.000002E-2	-2.764360E-5
-8.000001E-2	-2.733310E-5
-7.000002E-2	-2.705340E-5
-6.000002E-2	-2.672280E-5
-5.000001E-2	-2.639580E-5
-4.000002E-2	-2.611330E-5
-3.000003E-2	-2.580930E-5
-2.000001E-2	-2.553950E-5
-1.000002E-2	-2.519920E-5
-2.980232E-8	-2.490410E-5
9.999990E-3	-2.454370E-5
1.999998E-2	-2.426800E-5
2.999997E-2	-2.398410E-5
3.999999E-2	-2.366320E-5
4.999998E-2	-2.340200E-5
5.999997E-2	-2.305080E-5
6.999999E-2	-2.277990E-5
7.999998E-2	-2.245000E-5
8.999997E-2	-2.211500E-5
9.999996E-2	-2.182690E-5
1.100000E-1	-2.152130E-5
1.200000E-1	-2.118800E-5
1.300000E-1	-2.086120E-5
1.400000E-1	-2.053150E-5
1.500000E-1	-2.017960E-5
1.600000E-1	-1.987960E-5
1.700000E-1	-1.957430E-5
1.800000E-1	-1.930130E-5
1.900000E-1	-1.897970E-5
2.000000E-1	-1.867050E-5
2.100000E-1	-1.840160E-5
2.200000E-1	-1.804910E-5
2.300000E-1	-1.766540E-5
2.399999E-1	-1.730210E-5
2.500000E-1	-1.698060E-5
2.600000E-1	-1.660190E-5
2.700000E-1	-1.634070E-5
2.800000E-1	-1.602430E-5
2.900000E-1	-1.566830E-5
3.000000E-1	-1.540060E-5
3.100000E-1	-1.504910E-5
3.200000E-1	-1.474670E-5
3.300000E-1	-1.441270E-5
3.400000E-1	-1.403670E-5
3.500000E-1	-1.367700E-5
3.600000E-1	-1.333200E-5
3.699999E-1	-1.298740E-5
3.800000E-1	-1.263390E-5
3.900000E-1	-1.228010E-5
4.000000E-1	-1.194770E-5
4.100000E-1	-1.161810E-5
4.200000E-1	-1.128470E-5
4.299999E-1	-1.095170E-5
4.400000E-1	-1.060400E-5
4.500000E-1	-1.023330E-5
4.600000E-1	-9.867110E-6
4.700000E-1	-9.513150E-6
4.800000E-1	-9.147040E-6
4.899999E-1	-8.762160E-6
4.999999E-1	-8.385990E-6
5.100000E-1	-7.997450E-6
5.200000E-1	-7.632990E-6
5.300000E-1	-7.236240E-6
5.400000E-1	-6.866480E-6
5.500000E-1	-6.471030E-6
5.599999E-1	-6.073290E-6
5.700000E-1	-5.677130E-6
5.800000E-1	-5.263090E-6
5.900000E-1	-4.860720E-6
6.000000E-1	-4.438560E-6
6.100000E-1	-4.009350E-6
6.199999E-1	-3.584550E-6
6.300000E-1	-3.152860E-6
6.400000E-1	-2.720490E-6
6.500000E-1	-2.278620E-6
6.600000E-1	-1.834150E-6
6.700000E-1	-1.392990E-6
6.799999E-1	-9.469730E-7
6.899999E-1	-4.944400E-7
7.000000E-1	-5.260750E-8
7.100000E-1	3.993660E-7
7.200000E-1	8.573100E-7
7.300000E-1	1.313600E-6
7.399999E-1	1.775100E-6
7.499999E-1	2.239610E-6
7.599999E-1	2.701790E-6
7.699999E-1	3.167680E-6
7.799999E-1	3.636930E-6
7.900000E-1	4.106740E-6
8.000000E-1	4.574890E-6
8.100000E-1	5.050090E-6
8.200000E-1	5.535060E-6
8.300000E-1	6.018820E-6
8.400000E-1	6.503490E-6
8.500000E-1	7.004070E-6
8.600000E-1	7.502480E-6
8.699999E-1	8.026280E-6
8.799999E-1	8.552670E-6
8.899999E-1	9.093800E-6
8.999999E-1	9.646580E-6
9.099999E-1	1.022760E-5
9.200000E-1	1.080830E-5
9.300000E-1	1.139390E-5
9.400000E-1	1.202950E-5
9.500000E-1	1.267030E-5
9.600000E-1	1.335480E-5
9.700000E-1	1.404130E-5
9.800000E-1	1.475140E-5
9.899999E-1	1.551900E-5
9.999999E-1	1.627630E-5
