Voltage [V]	Current [A]
-3.000000E-1	-5.685110E-6
-2.900000E-1	-5.623220E-6
-2.800000E-1	-5.565910E-6
-2.700000E-1	-5.507470E-6
-2.600000E-1	-5.460260E-6
-2.500000E-1	-5.403510E-6
-2.400000E-1	-5.366180E-6
-2.300000E-1	-5.317480E-6
-2.200000E-1	-5.267280E-6
-2.100000E-1	-5.219300E-6
-2.000000E-1	-5.160300E-6
-1.900000E-1	-5.127220E-6
-1.800000E-1	-5.077900E-6
-1.700000E-1	-5.022260E-6
-1.600000E-1	-4.990620E-6
-1.500000E-1	-4.929950E-6
-1.400000E-1	-4.892740E-6
-1.300000E-1	-4.856460E-6
-1.200000E-1	-4.805640E-6
-1.100000E-1	-4.771620E-6
-1.000000E-1	-4.717990E-6
-9.000002E-2	-4.666640E-6
-8.000001E-2	-4.623150E-6
-7.000002E-2	-4.572490E-6
-6.000002E-2	-4.523100E-6
-5.000001E-2	-4.474880E-6
-4.000002E-2	-4.415240E-6
-3.000003E-2	-4.375270E-6
-2.000001E-2	-4.333220E-6
-1.000002E-2	-4.287750E-6
-2.980232E-8	-4.245810E-6
9.999990E-3	-4.201510E-6
1.999998E-2	-4.148390E-6
2.999997E-2	-4.095800E-6
3.999999E-2	-4.050140E-6
4.999998E-2	-4.003640E-6
5.999997E-2	-3.944970E-6
6.999999E-2	-3.895700E-6
7.999998E-2	-3.848690E-6
8.999997E-2	-3.798770E-6
9.999996E-2	-3.752640E-6
1.100000E-1	-3.711060E-6
1.200000E-1	-3.657080E-6
1.300000E-1	-3.608470E-6
1.400000E-1	-3.558970E-6
1.500000E-1	-3.501230E-6
1.600000E-1	-3.451020E-6
1.700000E-1	-3.404410E-6
1.800000E-1	-3.350320E-6
1.900000E-1	-3.306640E-6
2.000000E-1	-3.252780E-6
2.100000E-1	-3.208680E-6
2.200000E-1	-3.154970E-6
2.300000E-1	-3.105720E-6
2.399999E-1	-3.054470E-6
2.500000E-1	-3.004230E-6
2.600000E-1	-2.956530E-6
2.700000E-1	-2.898240E-6
2.800000E-1	-2.840990E-6
2.900000E-1	-2.789870E-6
3.000000E-1	-2.734990E-6
3.100000E-1	-2.683070E-6
3.200000E-1	-2.633780E-6
3.300000E-1	-2.578110E-6
3.400000E-1	-2.523850E-6
3.500000E-1	-2.467960E-6
3.600000E-1	-2.416560E-6
3.699999E-1	-2.362650E-6
3.800000E-1	-2.304180E-6
3.900000E-1	-2.251870E-6
4.000000E-1	-2.196840E-6
4.100000E-1	-2.137980E-6
4.200000E-1	-2.084200E-6
4.299999E-1	-2.023690E-6
4.400000E-1	-1.963830E-6
4.500000E-1	-1.902650E-6
4.600000E-1	-1.839730E-6
4.700000E-1	-1.777220E-6
4.800000E-1	-1.717180E-6
4.899999E-1	-1.654590E-6
4.999999E-1	-1.591090E-6
5.100000E-1	-1.528970E-6
5.200000E-1	-1.462490E-6
5.300000E-1	-1.392700E-6
5.400000E-1	-1.321300E-6
5.500000E-1	-1.250460E-6
5.599999E-1	-1.178480E-6
5.700000E-1	-1.105460E-6
5.800000E-1	-1.028190E-6
5.900000E-1	-9.507090E-7
6.000000E-1	-8.658350E-7
6.100000E-1	-7.822170E-7
6.199999E-1	-6.963630E-7
6.300000E-1	-6.045010E-7
6.400000E-1	-5.108110E-7
6.500000E-1	-4.133310E-7
6.600000E-1	-3.115340E-7
6.700000E-1	-2.042410E-7
6.799999E-1	-7.647550E-8
6.899999E-1	2.316060E-8
7.000000E-1	1.440090E-7
7.100000E-1	2.707800E-7
7.200000E-1	4.045960E-7
7.300000E-1	5.432030E-7
7.399999E-1	6.875630E-7
7.499999E-1	8.384750E-7
7.599999E-1	9.954660E-7
7.699999E-1	1.159030E-6
7.799999E-1	1.330970E-6
7.900000E-1	1.510050E-6
8.000000E-1	1.699300E-6
8.100000E-1	1.897040E-6
8.200000E-1	2.104710E-6
8.300000E-1	2.320210E-6
8.400000E-1	2.547270E-6
8.500000E-1	2.786410E-6
8.600000E-1	3.035660E-6
8.699999E-1	3.302250E-6
8.799999E-1	3.582890E-6
8.899999E-1	3.877650E-6
8.999999E-1	4.189910E-6
9.099999E-1	4.520870E-6
9.200000E-1	4.870240E-6
9.300000E-1	5.243000E-6
9.400000E-1	5.635010E-6
9.500000E-1	6.051160E-6
9.600000E-1	6.493570E-6
9.700000E-1	6.956050E-6
9.800000E-1	7.452190E-6
9.899999E-1	7.973760E-6
9.999999E-1	8.527830E-6
