Voltage [V]	Current [A]
-3.000000E-1	-4.822240E-9
-2.900000E-1	-4.539470E-9
-2.800000E-1	-4.194920E-9
-2.700000E-1	-3.857360E-9
-2.600000E-1	-3.487690E-9
-2.500000E-1	-3.199490E-9
-2.400000E-1	-2.884390E-9
-2.300000E-1	-2.516960E-9
-2.200000E-1	-2.239320E-9
-2.100000E-1	-1.861920E-9
-2.000000E-1	-1.550380E-9
-1.900000E-1	-1.200460E-9
-1.800000E-1	-9.007100E-10
-1.700000E-1	-5.341530E-10
-1.600000E-1	-1.638410E-10
-1.500000E-1	2.288940E-10
-1.400000E-1	6.332640E-10
-1.300000E-1	1.030490E-9
-1.200000E-1	1.525640E-9
-1.100000E-1	1.962910E-9
-1.000000E-1	2.356050E-9
-9.000002E-2	2.810810E-9
-8.000001E-2	3.235980E-9
-7.000002E-2	3.662380E-9
-6.000002E-2	4.129520E-9
-5.000001E-2	4.620540E-9
-4.000002E-2	5.124120E-9
-3.000003E-2	5.599460E-9
-2.000001E-2	6.103660E-9
-1.000002E-2	6.618710E-9
-2.980232E-8	7.177360E-9
9.999990E-3	7.692070E-9
1.999998E-2	8.285150E-9
2.999997E-2	8.817960E-9
3.999999E-2	9.371480E-9
4.999998E-2	9.948660E-9
5.999997E-2	1.051450E-8
6.999999E-2	1.112950E-8
7.999998E-2	1.178770E-8
8.999997E-2	1.238830E-8
9.999996E-2	1.299070E-8
1.100000E-1	1.365750E-8
1.200000E-1	1.429960E-8
1.300000E-1	1.499610E-8
1.400000E-1	1.570170E-8
1.500000E-1	1.643990E-8
1.600000E-1	1.714310E-8
1.700000E-1	1.788050E-8
1.800000E-1	1.863860E-8
1.900000E-1	1.942090E-8
2.000000E-1	2.019770E-8
2.100000E-1	2.100110E-8
2.200000E-1	2.185540E-8
2.300000E-1	2.276200E-8
2.399999E-1	2.364390E-8
2.500000E-1	2.447660E-8
2.600000E-1	2.543850E-8
2.700000E-1	2.644740E-8
2.800000E-1	2.746930E-8
2.900000E-1	2.850560E-8
3.000000E-1	2.961350E-8
3.100000E-1	3.243860E-8
3.200000E-1	3.453560E-8
3.300000E-1	3.606620E-8
3.400000E-1	3.761750E-8
3.500000E-1	3.922880E-8
3.600000E-1	4.091960E-8
3.699999E-1	4.262740E-8
3.800000E-1	4.446000E-8
3.900000E-1	4.645390E-8
4.000000E-1	4.800790E-8
4.100000E-1	4.936180E-8
4.200000E-1	5.073220E-8
4.299999E-1	5.226600E-8
4.400000E-1	5.393950E-8
4.500000E-1	5.584130E-8
4.600000E-1	5.781660E-8
4.700000E-1	5.990870E-8
4.800000E-1	6.209780E-8
4.899999E-1	6.440510E-8
4.999999E-1	6.699790E-8
5.100000E-1	6.977950E-8
5.200000E-1	7.268360E-8
5.300000E-1	7.591310E-8
5.400000E-1	7.932910E-8
5.500000E-1	8.299950E-8
5.599999E-1	8.699800E-8
5.700000E-1	9.133320E-8
5.800000E-1	9.606800E-8
5.900000E-1	1.357250E-7
6.000000E-1	1.459720E-7
6.100000E-1	1.588920E-7
6.199999E-1	1.734620E-7
6.300000E-1	1.899610E-7
6.400000E-1	2.085430E-7
6.500000E-1	2.298200E-7
6.600000E-1	2.538730E-7
6.700000E-1	2.812430E-7
6.799999E-1	3.121400E-7
6.899999E-1	3.475200E-7
7.000000E-1	3.874490E-7
7.100000E-1	4.324110E-7
7.200000E-1	4.834720E-7
7.300000E-1	5.410030E-7
7.399999E-1	6.054830E-7
7.499999E-1	6.777470E-7
7.599999E-1	7.582310E-7
7.699999E-1	8.481190E-7
7.799999E-1	9.472790E-7
7.900000E-1	1.057250E-6
8.000000E-1	1.178340E-6
8.100000E-1	1.311700E-6
8.200000E-1	1.457670E-6
8.300000E-1	1.617150E-6
8.400000E-1	1.790310E-6
8.500000E-1	1.979060E-6
8.600000E-1	2.184120E-6
8.699999E-1	2.405970E-6
8.799999E-1	2.646110E-6
8.899999E-1	2.905480E-6
8.999999E-1	3.184220E-6
9.099999E-1	3.485000E-6
9.200000E-1	3.808190E-6
9.300000E-1	4.157400E-6
9.400000E-1	4.529860E-6
9.500000E-1	4.928940E-6
9.600000E-1	5.356000E-6
9.700000E-1	5.811710E-6
9.800000E-1	6.299070E-6
9.899999E-1	6.819450E-6
9.999999E-1	7.373370E-6
