Voltage [V]	Current [A]
-2.000000E-1	-4.350560E-9
-1.950000E-1	-3.866780E-9
-1.900000E-1	-3.520890E-9
-1.850000E-1	-3.252110E-9
-1.800000E-1	-3.096270E-9
-1.750000E-1	-2.814460E-9
-1.700000E-1	-2.603780E-9
-1.650000E-1	-2.516620E-9
-1.600000E-1	-2.224850E-9
-1.550000E-1	-1.978170E-9
-1.500000E-1	-1.589380E-9
-1.450000E-1	-1.317130E-9
-1.400000E-1	-1.030560E-9
-1.350000E-1	-8.914470E-10
-1.300000E-1	-9.038090E-10
-1.250000E-1	-6.461980E-10
-1.200000E-1	-4.002690E-10
-1.150000E-1	-1.514320E-10
-1.100000E-1	8.314850E-11
-1.050000E-1	3.281590E-10
-1.000000E-1	4.855040E-10
-9.500001E-2	7.650260E-10
-9.000000E-2	8.866910E-10
-8.500001E-2	1.118550E-9
-8.000001E-2	1.261720E-9
-7.500000E-2	1.388380E-9
-7.000001E-2	1.600150E-9
-6.500001E-2	1.816240E-9
-6.000000E-2	2.181260E-9
-5.500001E-2	2.333640E-9
-5.000001E-2	2.432060E-9
-4.500000E-2	2.386530E-9
-4.000001E-2	2.571980E-9
-3.500001E-2	2.916220E-9
-3.000000E-2	3.138200E-9
-2.500001E-2	3.494940E-9
-2.000001E-2	3.638880E-9
-1.500000E-2	3.837240E-9
-1.000001E-2	3.951870E-9
-5.000010E-3	4.094920E-9
-1.490116E-8	4.273590E-9
4.999995E-3	4.405930E-9
9.999990E-3	4.455380E-9
1.499999E-2	4.766740E-9
2.000000E-2	4.913600E-9
2.499999E-2	5.378710E-9
2.999999E-2	5.540660E-9
3.500000E-2	5.749730E-9
3.999999E-2	5.757020E-9
4.499999E-2	6.002380E-9
5.000000E-2	6.259130E-9
5.499999E-2	6.621310E-9
5.999999E-2	6.887100E-9
6.499998E-2	7.157710E-9
6.999998E-2	7.273660E-9
7.500000E-2	7.495990E-9
8.000000E-2	7.691070E-9
8.499999E-2	7.978990E-9
8.999999E-2	8.091760E-9
9.499998E-2	8.392800E-9
9.999998E-2	8.729160E-9
1.050000E-1	9.080250E-9
1.100000E-1	9.409590E-9
1.150000E-1	9.814300E-9
1.200000E-1	1.010220E-8
1.250000E-1	1.042730E-8
1.300000E-1	1.054820E-8
1.350000E-1	1.087480E-8
1.400000E-1	1.124650E-8
1.450000E-1	1.188510E-8
1.500000E-1	1.231060E-8
1.550000E-1	1.267760E-8
1.600000E-1	1.319750E-8
1.650000E-1	1.353500E-8
1.700000E-1	1.396850E-8
1.750000E-1	1.436810E-8
1.800000E-1	1.489950E-8
1.850000E-1	1.565140E-8
1.900000E-1	1.622760E-8
1.950000E-1	1.696180E-8
2.000000E-1	1.776490E-8
2.050000E-1	1.862700E-8
2.100000E-1	1.944790E-8
2.150000E-1	2.017060E-8
2.200000E-1	2.099920E-8
2.250000E-1	2.198310E-8
2.300000E-1	2.318700E-8
2.350000E-1	2.431330E-8
2.400000E-1	2.555040E-8
2.450000E-1	2.682700E-8
2.500000E-1	2.828330E-8
2.550000E-1	2.985050E-8
2.600000E-1	3.185330E-8
2.650000E-1	3.477210E-8
2.700000E-1	3.790220E-8
2.750000E-1	4.110290E-8
2.800000E-1	4.444370E-8
2.850000E-1	4.830240E-8
2.900000E-1	5.223750E-8
2.950000E-1	5.634300E-8
3.000000E-1	6.065270E-8
3.050000E-1	6.497240E-8
3.100000E-1	6.964810E-8
3.150000E-1	7.438700E-8
3.200000E-1	7.957620E-8
3.250000E-1	8.491430E-8
3.300000E-1	9.067230E-8
3.350000E-1	9.681100E-8
3.400000E-1	2.645440E-7
3.450000E-1	2.834260E-7
3.500000E-1	3.048780E-7
3.550000E-1	3.276600E-7
3.600000E-1	3.530370E-7
3.650000E-1	3.807540E-7
3.700000E-1	4.110930E-7
3.750000E-1	4.426670E-7
3.800000E-1	4.773890E-7
3.850000E-1	5.149690E-7
3.900000E-1	5.560320E-7
3.950000E-1	6.009350E-7
4.000000E-1	6.493370E-7
4.050000E-1	7.016080E-7
4.100000E-1	7.583810E-7
4.150000E-1	8.198120E-7
4.200000E-1	8.858960E-7
4.250000E-1	9.580580E-7
4.300000E-1	1.035360E-6
4.350000E-1	1.119190E-6
4.400000E-1	1.211400E-6
4.450000E-1	1.310980E-6
4.500000E-1	1.416700E-6
4.550000E-1	1.532150E-6
4.600000E-1	1.658040E-6
4.650000E-1	1.792920E-6
4.700000E-1	1.936910E-6
4.750000E-1	2.093420E-6
4.800000E-1	2.260820E-6
4.850000E-1	2.442960E-6
4.900000E-1	2.640540E-6
4.950000E-1	2.852350E-6
5.000000E-1	3.086820E-6
5.050000E-1	3.335860E-6
5.100000E-1	3.603100E-6
5.150000E-1	3.889650E-6
5.200000E-1	4.197410E-6
5.250000E-1	4.529240E-6
5.300000E-1	4.886380E-6
5.350000E-1	5.276010E-6
5.400000E-1	5.688240E-6
5.450000E-1	6.130630E-6
5.500000E-1	6.607800E-6
5.550000E-1	7.124380E-6
5.600000E-1	7.674290E-6
5.650000E-1	8.266000E-6
5.700000E-1	8.898030E-6
5.750000E-1	9.580440E-6
5.800000E-1	1.031170E-5
5.850000E-1	1.109480E-5
5.900000E-1	1.193340E-5
5.950000E-1	1.282000E-5
6.000000E-1	1.376800E-5
6.050000E-1	1.478310E-5
6.100000E-1	1.586340E-5
6.150000E-1	1.701270E-5
6.200000E-1	1.823370E-5
6.250000E-1	1.953420E-5
6.300000E-1	2.091500E-5
6.350000E-1	2.236890E-5
6.400000E-1	2.391260E-5
6.450000E-1	2.553320E-5
6.500000E-1	2.724870E-5
6.550000E-1	2.906210E-5
6.600000E-1	3.096000E-5
6.650000E-1	3.295470E-5
6.700000E-1	3.505970E-5
6.750000E-1	3.725500E-5
6.800000E-1	3.956440E-5
6.850000E-1	4.197200E-5
6.900000E-1	4.448740E-5
6.950000E-1	4.710640E-5
7.000000E-1	4.983060E-5
7.050000E-1	5.265840E-5
7.100000E-1	5.559590E-5
7.150000E-1	5.864690E-5
7.200000E-1	6.179260E-5
7.250000E-1	6.506670E-5
7.300000E-1	6.844880E-5
7.350000E-1	7.193850E-5
7.400000E-1	7.553220E-5
7.450000E-1	7.924050E-5
7.500000E-1	8.305160E-5
7.550000E-1	8.698910E-5
7.600000E-1	9.101950E-5
7.650000E-1	9.514700E-5
7.700000E-1	9.936890E-5
7.750000E-1	1.037040E-4
7.800000E-1	1.081450E-4
7.850000E-1	1.126810E-4
7.900000E-1	1.173180E-4
7.950000E-1	1.220470E-4
8.000000E-1	1.268870E-4
