Voltage [V]	Current [A]
-2.000000E-1	-9.950480E-6
-1.950000E-1	-9.921600E-6
-1.900000E-1	-9.892610E-6
-1.850000E-1	-9.881620E-6
-1.800000E-1	-9.825010E-6
-1.750000E-1	-9.785240E-6
-1.700000E-1	-9.745110E-6
-1.650000E-1	-9.724460E-6
-1.600000E-1	-9.693470E-6
-1.550000E-1	-9.657960E-6
-1.500000E-1	-9.631490E-6
-1.450000E-1	-9.610800E-6
-1.400000E-1	-9.570520E-6
-1.350000E-1	-9.538610E-6
-1.300000E-1	-9.498590E-6
-1.250000E-1	-9.451080E-6
-1.200000E-1	-9.421560E-6
-1.150000E-1	-9.376380E-6
-1.100000E-1	-9.333530E-6
-1.050000E-1	-9.303480E-6
-1.000000E-1	-9.272080E-6
-9.500001E-2	-9.247700E-6
-9.000000E-2	-9.216730E-6
-8.500001E-2	-9.173090E-6
-8.000001E-2	-9.130920E-6
-7.500000E-2	-9.074140E-6
-7.000001E-2	-9.048900E-6
-6.500001E-2	-9.012190E-6
-6.000000E-2	-8.972080E-6
-5.500001E-2	-8.925670E-6
-5.000001E-2	-8.878080E-6
-4.500000E-2	-8.841700E-6
-4.000001E-2	-8.800230E-6
-3.500001E-2	-8.768880E-6
-3.000000E-2	-8.711970E-6
-2.500001E-2	-8.666490E-6
-2.000001E-2	-8.612440E-6
-1.500000E-2	-8.577170E-6
-1.000001E-2	-8.517420E-6
-5.000010E-3	-8.473180E-6
-1.490116E-8	-8.424940E-6
4.999995E-3	-8.375720E-6
9.999990E-3	-8.319970E-6
1.499999E-2	-8.280150E-6
2.000000E-2	-8.229410E-6
2.499999E-2	-8.182750E-6
2.999999E-2	-8.129960E-6
3.500000E-2	-8.063620E-6
3.999999E-2	-8.004010E-6
4.499999E-2	-7.942690E-6
5.000000E-2	-7.881480E-6
5.499999E-2	-7.825360E-6
5.999999E-2	-7.771040E-6
6.499998E-2	-7.713550E-6
6.999998E-2	-7.658970E-6
7.500000E-2	-7.586670E-6
8.000000E-2	-7.526800E-6
8.499999E-2	-7.470220E-6
8.999999E-2	-7.392920E-6
9.499998E-2	-7.315130E-6
9.999998E-2	-7.228120E-6
1.050000E-1	-7.153870E-6
1.100000E-1	-7.083740E-6
1.150000E-1	-7.009650E-6
1.200000E-1	-6.948100E-6
1.250000E-1	-6.875420E-6
1.300000E-1	-6.790890E-6
1.350000E-1	-6.707420E-6
1.400000E-1	-6.633380E-6
1.450000E-1	-6.534620E-6
1.500000E-1	-6.451930E-6
1.550000E-1	-6.357020E-6
1.600000E-1	-6.258750E-6
1.650000E-1	-6.159950E-6
1.700000E-1	-6.057660E-6
1.750000E-1	-5.957040E-6
1.800000E-1	-5.865590E-6
1.850000E-1	-5.772310E-6
1.900000E-1	-5.684460E-6
1.950000E-1	-5.586340E-6
2.000000E-1	-5.486320E-6
2.050000E-1	-5.380410E-6
2.100000E-1	-5.266090E-6
2.150000E-1	-5.162760E-6
2.200000E-1	-5.046190E-6
2.250000E-1	-4.929910E-6
2.300000E-1	-4.825990E-6
2.350000E-1	-4.715340E-6
2.400000E-1	-4.602910E-6
2.450000E-1	-4.495280E-6
2.500000E-1	-4.386370E-6
2.550000E-1	-4.265730E-6
2.600000E-1	-4.167390E-6
2.650000E-1	-4.044040E-6
2.700000E-1	-3.917620E-6
2.750000E-1	-3.801580E-6
2.800000E-1	-3.685970E-6
2.850000E-1	-3.561500E-6
2.900000E-1	-3.436840E-6
2.950000E-1	-3.323940E-6
3.000000E-1	-3.208260E-6
3.050000E-1	-3.089560E-6
3.100000E-1	-2.975430E-6
3.150000E-1	-2.852440E-6
3.200000E-1	-2.734480E-6
3.250000E-1	-2.613970E-6
3.300000E-1	-2.496760E-6
3.350000E-1	-2.375380E-6
3.400000E-1	-2.251620E-6
3.450000E-1	-2.132020E-6
3.500000E-1	-2.012350E-6
3.550000E-1	-1.893270E-6
3.600000E-1	-1.772760E-6
3.650000E-1	-1.651760E-6
3.700000E-1	-1.533370E-6
3.750000E-1	-1.407500E-6
3.800000E-1	-1.287000E-6
3.850000E-1	-1.165630E-6
3.900000E-1	-1.034850E-6
3.950000E-1	-9.075690E-7
4.000000E-1	-7.784590E-7
4.050000E-1	-6.450660E-7
4.100000E-1	-5.080540E-7
4.150000E-1	-3.707670E-7
4.200000E-1	-2.303250E-7
4.250000E-1	-2.264110E-8
4.300000E-1	2.385490E-8
4.350000E-1	8.947870E-8
4.400000E-1	3.844980E-7
4.450000E-1	5.498160E-7
4.500000E-1	7.214900E-7
4.550000E-1	9.044440E-7
4.600000E-1	1.096090E-6
4.650000E-1	1.294520E-6
4.700000E-1	1.506390E-6
4.750000E-1	1.728530E-6
4.800000E-1	1.965100E-6
4.850000E-1	2.213750E-6
4.900000E-1	2.476880E-6
4.950000E-1	2.758270E-6
5.000000E-1	3.055790E-6
5.050000E-1	3.372720E-6
5.100000E-1	3.711090E-6
5.150000E-1	4.071170E-6
5.200000E-1	4.458390E-6
5.250000E-1	4.872300E-6
5.300000E-1	5.315440E-6
5.350000E-1	5.790060E-6
5.400000E-1	6.297210E-6
5.450000E-1	6.840340E-6
5.500000E-1	7.420670E-6
5.550000E-1	8.040260E-6
5.600000E-1	8.706230E-6
5.650000E-1	9.418680E-6
5.700000E-1	1.018530E-5
5.750000E-1	1.100210E-5
5.800000E-1	1.186220E-5
5.850000E-1	1.278540E-5
5.900000E-1	1.377140E-5
5.950000E-1	1.481890E-5
6.000000E-1	1.593200E-5
6.050000E-1	1.711620E-5
6.100000E-1	1.837230E-5
6.150000E-1	1.970340E-5
6.200000E-1	2.111350E-5
6.250000E-1	2.260380E-5
6.300000E-1	2.417820E-5
6.350000E-1	2.584140E-5
6.400000E-1	2.758920E-5
6.450000E-1	2.941820E-5
6.500000E-1	3.135300E-5
6.550000E-1	3.338330E-5
6.600000E-1	3.550860E-5
6.650000E-1	3.773190E-5
6.700000E-1	4.005730E-5
6.750000E-1	4.248850E-5
6.800000E-1	4.502140E-5
6.850000E-1	4.765690E-5
6.900000E-1	5.039460E-5
6.950000E-1	5.324090E-5
7.000000E-1	5.618430E-5
7.050000E-1	5.923090E-5
7.100000E-1	6.239120E-5
7.150000E-1	6.566410E-5
7.200000E-1	6.904910E-5
7.250000E-1	7.253350E-5
7.300000E-1	7.613210E-5
7.350000E-1	7.981830E-5
7.400000E-1	8.362820E-5
7.450000E-1	8.752630E-5
7.500000E-1	9.154400E-5
7.550000E-1	9.565120E-5
7.600000E-1	9.986060E-5
7.650000E-1	1.041690E-4
7.700000E-1	1.085570E-4
7.750000E-1	1.130550E-4
7.800000E-1	1.176530E-4
7.850000E-1	1.223430E-4
7.900000E-1	1.271320E-4
7.950000E-1	1.319940E-4
8.000000E-1	1.369550E-4
