Voltage [V]	Current [A]
-2.000000E-1	-5.302660E-6
-1.950000E-1	-5.290380E-6
-1.900000E-1	-5.269100E-6
-1.850000E-1	-5.246440E-6
-1.800000E-1	-5.227530E-6
-1.750000E-1	-5.208960E-6
-1.700000E-1	-5.190670E-6
-1.650000E-1	-5.173060E-6
-1.600000E-1	-5.150940E-6
-1.550000E-1	-5.136860E-6
-1.500000E-1	-5.117250E-6
-1.450000E-1	-5.093180E-6
-1.400000E-1	-5.075570E-6
-1.350000E-1	-5.052000E-6
-1.300000E-1	-5.035170E-6
-1.250000E-1	-5.020390E-6
-1.200000E-1	-5.000360E-6
-1.150000E-1	-4.984600E-6
-1.100000E-1	-4.970520E-6
-1.050000E-1	-4.952400E-6
-1.000000E-1	-4.927380E-6
-9.500001E-2	-4.904620E-6
-9.000000E-2	-4.885210E-6
-8.500001E-2	-4.865010E-6
-8.000001E-2	-4.842320E-6
-7.500000E-2	-4.821560E-6
-7.000001E-2	-4.800310E-6
-6.500001E-2	-4.787630E-6
-6.000000E-2	-4.761460E-6
-5.500001E-2	-4.742460E-6
-5.000001E-2	-4.711920E-6
-4.500000E-2	-4.700870E-6
-4.000001E-2	-4.674920E-6
-3.500001E-2	-4.647640E-6
-3.000000E-2	-4.629540E-6
-2.500001E-2	-4.612100E-6
-2.000001E-2	-4.583620E-6
-1.500000E-2	-4.554800E-6
-1.000001E-2	-4.528200E-6
-5.000010E-3	-4.504170E-6
-1.490116E-8	-4.473000E-6
4.999995E-3	-4.452520E-6
9.999990E-3	-4.422200E-6
1.499999E-2	-4.400340E-6
2.000000E-2	-4.374970E-6
2.499999E-2	-4.350680E-6
2.999999E-2	-4.321240E-6
3.500000E-2	-4.292940E-6
3.999999E-2	-4.255030E-6
4.499999E-2	-4.223930E-6
5.000000E-2	-4.195880E-6
5.499999E-2	-4.161180E-6
5.999999E-2	-4.134680E-6
6.499998E-2	-4.096570E-6
6.999998E-2	-4.067970E-6
7.500000E-2	-4.028350E-6
8.000000E-2	-4.000610E-6
8.499999E-2	-3.967570E-6
8.999999E-2	-3.931550E-6
9.499998E-2	-3.892620E-6
9.999998E-2	-3.851090E-6
1.050000E-1	-3.815290E-6
1.100000E-1	-3.768600E-6
1.150000E-1	-3.726930E-6
1.200000E-1	-3.678860E-6
1.250000E-1	-3.640230E-6
1.300000E-1	-3.600470E-6
1.350000E-1	-3.558690E-6
1.400000E-1	-3.516640E-6
1.450000E-1	-3.464850E-6
1.500000E-1	-3.421920E-6
1.550000E-1	-3.378240E-6
1.600000E-1	-3.324560E-6
1.650000E-1	-3.277220E-6
1.700000E-1	-3.226660E-6
1.750000E-1	-3.180230E-6
1.800000E-1	-3.124990E-6
1.850000E-1	-3.068610E-6
1.900000E-1	-3.009610E-6
1.950000E-1	-2.958970E-6
2.000000E-1	-2.897160E-6
2.050000E-1	-2.839690E-6
2.100000E-1	-2.782180E-6
2.150000E-1	-2.725280E-6
2.200000E-1	-2.670970E-6
2.250000E-1	-2.612620E-6
2.300000E-1	-2.553540E-6
2.350000E-1	-2.487800E-6
2.400000E-1	-2.426500E-6
2.450000E-1	-2.365420E-6
2.500000E-1	-2.299700E-6
2.550000E-1	-2.229230E-6
2.600000E-1	-2.168680E-6
2.650000E-1	-2.100910E-6
2.700000E-1	-2.038070E-6
2.750000E-1	-1.973650E-6
2.800000E-1	-1.905540E-6
2.850000E-1	-1.841520E-6
2.900000E-1	-1.771790E-6
2.950000E-1	-1.701960E-6
3.000000E-1	-1.633450E-6
3.050000E-1	-1.564640E-6
3.100000E-1	-1.489270E-6
3.150000E-1	-1.422330E-6
3.200000E-1	-1.349810E-6
3.250000E-1	-1.281860E-6
3.300000E-1	-1.210460E-6
3.350000E-1	-1.134290E-6
3.400000E-1	-1.063090E-6
3.450000E-1	-9.918990E-7
3.500000E-1	-9.164890E-7
3.550000E-1	-8.389900E-7
3.600000E-1	-7.597630E-7
3.650000E-1	-6.785100E-7
3.700000E-1	-5.979690E-7
3.750000E-1	-5.151070E-7
3.800000E-1	-4.325280E-7
3.850000E-1	-3.473710E-7
3.900000E-1	-2.607120E-7
3.950000E-1	-1.692020E-7
4.000000E-1	-1.963500E-8
4.050000E-1	1.070080E-8
4.100000E-1	5.189250E-8
4.150000E-1	9.282070E-8
4.200000E-1	3.430550E-7
4.250000E-1	4.553790E-7
4.300000E-1	5.739260E-7
4.350000E-1	7.006050E-7
4.400000E-1	8.299900E-7
4.450000E-1	9.713910E-7
4.500000E-1	1.118870E-6
4.550000E-1	1.274300E-6
4.600000E-1	1.439590E-6
4.650000E-1	1.615620E-6
4.700000E-1	1.802650E-6
4.750000E-1	2.001530E-6
4.800000E-1	2.212170E-6
4.850000E-1	2.438070E-6
4.900000E-1	2.678140E-6
4.950000E-1	2.935890E-6
5.000000E-1	3.212310E-6
5.050000E-1	3.508070E-6
5.100000E-1	3.823950E-6
5.150000E-1	4.161010E-6
5.200000E-1	4.524840E-6
5.250000E-1	4.915520E-6
5.300000E-1	5.333560E-6
5.350000E-1	5.781090E-6
5.400000E-1	6.262460E-6
5.450000E-1	6.776740E-6
5.500000E-1	7.329940E-6
5.550000E-1	7.921280E-6
5.600000E-1	8.556040E-6
5.650000E-1	9.229060E-6
5.700000E-1	9.952500E-6
5.750000E-1	1.073510E-5
5.800000E-1	1.155820E-5
5.850000E-1	1.243830E-5
5.900000E-1	1.337700E-5
5.950000E-1	1.437980E-5
6.000000E-1	1.544360E-5
6.050000E-1	1.657390E-5
6.100000E-1	1.777570E-5
6.150000E-1	1.905050E-5
6.200000E-1	2.039910E-5
6.250000E-1	2.182810E-5
6.300000E-1	2.333730E-5
6.350000E-1	2.493100E-5
6.400000E-1	2.660940E-5
6.450000E-1	2.836880E-5
6.500000E-1	3.023680E-5
6.550000E-1	3.218300E-5
6.600000E-1	3.422960E-5
6.650000E-1	3.636940E-5
6.700000E-1	3.862220E-5
6.750000E-1	4.095960E-5
6.800000E-1	4.340810E-5
6.850000E-1	4.595540E-5
6.900000E-1	4.860530E-5
6.950000E-1	5.136260E-5
7.000000E-1	5.423100E-5
7.050000E-1	5.718110E-5
7.100000E-1	6.026300E-5
7.150000E-1	6.343600E-5
7.200000E-1	6.672370E-5
7.250000E-1	7.011870E-5
7.300000E-1	7.361700E-5
7.350000E-1	7.721930E-5
7.400000E-1	8.092380E-5
7.450000E-1	8.473470E-5
7.500000E-1	8.865270E-5
7.550000E-1	9.266430E-5
7.600000E-1	9.678010E-5
7.650000E-1	1.009920E-4
7.700000E-1	1.052970E-4
7.750000E-1	1.097080E-4
7.800000E-1	1.142160E-4
7.850000E-1	1.188110E-4
7.900000E-1	1.235170E-4
7.950000E-1	1.283030E-4
8.000000E-1	1.331870E-4
