Voltage [V]	Current [A]
-2.000000E-1	-1.558040E-9
-1.950000E-1	-1.463250E-9
-1.900000E-1	-1.225810E-9
-1.850000E-1	-8.849740E-10
-1.800000E-1	-7.270220E-10
-1.750000E-1	-4.098420E-10
-1.700000E-1	-4.006150E-10
-1.650000E-1	-1.872900E-10
-1.600000E-1	-6.070140E-11
-1.550000E-1	5.441900E-11
-1.500000E-1	1.112340E-10
-1.450000E-1	2.177240E-10
-1.400000E-1	4.670020E-10
-1.350000E-1	4.859450E-10
-1.300000E-1	7.371070E-10
-1.250000E-1	9.034750E-10
-1.200000E-1	1.040610E-9
-1.150000E-1	1.138480E-9
-1.100000E-1	1.225100E-9
-1.050000E-1	1.215280E-9
-1.000000E-1	1.270450E-9
-9.500001E-2	1.427880E-9
-9.000000E-2	1.677550E-9
-8.500001E-2	1.923230E-9
-8.000001E-2	2.015250E-9
-7.500000E-2	2.043800E-9
-7.000001E-2	2.073260E-9
-6.500001E-2	2.207240E-9
-6.000000E-2	2.289070E-9
-5.500001E-2	2.487810E-9
-5.000001E-2	2.483080E-9
-4.500000E-2	2.719950E-9
-4.000001E-2	2.954290E-9
-3.500001E-2	3.030720E-9
-3.000000E-2	3.278140E-9
-2.500001E-2	3.369500E-9
-2.000001E-2	3.549520E-9
-1.500000E-2	3.712450E-9
-1.000001E-2	3.664100E-9
-5.000010E-3	3.813140E-9
-1.490116E-8	4.003550E-9
4.999995E-3	4.124990E-9
9.999990E-3	4.357400E-9
1.499999E-2	4.422760E-9
2.000000E-2	4.524870E-9
2.499999E-2	4.637990E-9
2.999999E-2	4.801500E-9
3.500000E-2	4.987030E-9
3.999999E-2	5.229930E-9
4.499999E-2	5.445440E-9
5.000000E-2	5.619050E-9
5.499999E-2	5.794420E-9
5.999999E-2	5.959700E-9
6.499998E-2	6.157580E-9
6.999998E-2	6.356840E-9
7.500000E-2	6.456040E-9
8.000000E-2	6.722630E-9
8.499999E-2	7.064260E-9
8.999999E-2	7.298970E-9
9.499998E-2	7.678910E-9
9.999998E-2	7.938780E-9
1.050000E-1	8.191110E-9
1.100000E-1	8.419350E-9
1.150000E-1	8.760200E-9
1.200000E-1	9.135230E-9
1.250000E-1	9.514520E-9
1.300000E-1	9.800280E-9
1.350000E-1	1.026050E-8
1.400000E-1	1.079340E-8
1.450000E-1	1.123770E-8
1.500000E-1	1.170030E-8
1.550000E-1	1.235530E-8
1.600000E-1	1.290420E-8
1.650000E-1	1.347500E-8
1.700000E-1	1.389760E-8
1.750000E-1	1.490710E-8
1.800000E-1	1.563350E-8
1.850000E-1	1.631750E-8
1.900000E-1	1.753540E-8
1.950000E-1	1.841600E-8
2.000000E-1	1.926950E-8
2.050000E-1	2.047270E-8
2.100000E-1	2.178250E-8
2.150000E-1	2.307870E-8
2.200000E-1	2.458590E-8
2.250000E-1	2.641990E-8
2.300000E-1	2.800320E-8
2.350000E-1	2.993300E-8
2.400000E-1	3.311860E-8
2.450000E-1	3.665760E-8
2.500000E-1	4.021990E-8
2.550000E-1	4.401270E-8
2.600000E-1	4.819810E-8
2.650000E-1	5.277330E-8
2.700000E-1	5.720330E-8
2.750000E-1	6.196980E-8
2.800000E-1	6.716200E-8
2.850000E-1	7.230940E-8
2.900000E-1	7.762190E-8
2.950000E-1	8.324190E-8
3.000000E-1	8.908410E-8
3.050000E-1	9.537890E-8
3.100000E-1	2.583130E-7
3.150000E-1	2.776520E-7
3.200000E-1	2.999160E-7
3.250000E-1	3.232480E-7
3.300000E-1	3.488090E-7
3.350000E-1	3.763850E-7
3.400000E-1	4.061880E-7
3.450000E-1	4.387140E-7
3.500000E-1	4.737340E-7
3.550000E-1	5.115260E-7
3.600000E-1	5.524030E-7
3.650000E-1	5.962900E-7
3.700000E-1	6.440120E-7
3.750000E-1	6.949830E-7
3.800000E-1	7.502460E-7
3.850000E-1	8.090650E-7
3.900000E-1	8.729920E-7
3.950000E-1	9.421690E-7
4.000000E-1	1.017260E-6
4.050000E-1	1.097630E-6
4.100000E-1	1.184070E-6
4.150000E-1	1.277740E-6
4.200000E-1	1.377930E-6
4.250000E-1	1.486040E-6
4.300000E-1	1.602480E-6
4.350000E-1	1.728770E-6
4.400000E-1	1.864210E-6
4.450000E-1	2.010690E-6
4.500000E-1	2.167770E-6
4.550000E-1	2.337200E-6
4.600000E-1	2.520210E-6
4.650000E-1	2.717350E-6
4.700000E-1	2.930000E-6
4.750000E-1	3.159370E-6
4.800000E-1	3.406360E-6
4.850000E-1	3.673470E-6
4.900000E-1	3.960430E-6
4.950000E-1	4.271860E-6
5.000000E-1	4.606180E-6
5.050000E-1	4.967550E-6
5.100000E-1	5.356790E-6
5.150000E-1	5.775830E-6
5.200000E-1	6.228960E-6
5.250000E-1	6.716980E-6
5.300000E-1	7.244010E-6
5.350000E-1	7.811550E-6
5.400000E-1	8.424620E-6
5.450000E-1	9.083880E-6
5.500000E-1	9.793420E-6
5.550000E-1	1.056560E-5
5.600000E-1	1.138830E-5
5.650000E-1	1.227000E-5
5.700000E-1	1.321870E-5
5.750000E-1	1.423820E-5
5.800000E-1	1.532420E-5
5.850000E-1	1.649420E-5
5.900000E-1	1.774420E-5
5.950000E-1	1.908250E-5
6.000000E-1	2.051090E-5
6.050000E-1	2.203410E-5
6.100000E-1	2.365870E-5
6.150000E-1	2.538880E-5
6.200000E-1	2.722690E-5
6.250000E-1	2.917860E-5
6.300000E-1	3.124670E-5
6.350000E-1	3.343630E-5
6.400000E-1	3.575190E-5
6.450000E-1	3.818430E-5
6.500000E-1	4.076180E-5
6.550000E-1	4.346910E-5
6.600000E-1	4.631690E-5
6.650000E-1	4.931020E-5
6.700000E-1	5.244160E-5
6.750000E-1	5.572550E-5
6.800000E-1	5.915580E-5
6.850000E-1	6.273480E-5
6.900000E-1	6.646340E-5
6.950000E-1	7.034260E-5
7.000000E-1	7.437520E-5
7.050000E-1	7.854940E-5
7.100000E-1	8.289050E-5
7.150000E-1	8.738340E-5
7.200000E-1	9.203330E-5
7.250000E-1	9.683330E-5
7.300000E-1	1.017830E-4
7.350000E-1	1.068900E-4
7.400000E-1	1.121500E-4
7.450000E-1	1.175530E-4
7.500000E-1	1.231100E-4
7.550000E-1	1.288100E-4
7.600000E-1	1.346560E-4
7.650000E-1	1.406450E-4
7.700000E-1	1.467520E-4
7.750000E-1	1.530260E-4
7.800000E-1	1.594300E-4
7.850000E-1	1.659720E-4
7.900000E-1	1.726420E-4
7.950000E-1	1.794490E-4
8.000000E-1	1.863900E-4
